Model,Method,Task,Fold,Dimension,Effective_Rank,Embedding_Entropy,Spectral_Radius,Spectral_Gap,Fiedler_Value,ARI,Silhouette,MAE,MAE_Norm
CGCNN,cgcnn_emb,matbench_jdft2d,0,8,7.895121661338838,2.0681905691796327,16.91929694652873,14.030536577910256,14.03135239239082,-0.0067255827462131,0.1809610007841229,47.5090217590332,0.3229758429686453
CGCNN,cgcnn_emb,matbench_jdft2d,1,8,7.905497550241696,2.0725907386910536,16.80985036487578,14.181494143149592,13.82172064415735,-0.0020066087839629,0.0276652256284868,60.2819938659668,0.6239294168551395
CGCNN,cgcnn_emb,matbench_jdft2d,2,8,7.87154767007538,2.0711049297673583,16.76817660977174,13.973915993943674,13.67224368728242,0.0208184862033329,0.1821370568470803,76.24305725097656,1.0
CGCNN,cgcnn_emb,matbench_jdft2d,3,8,7.910260689720813,2.0674803225302503,16.42227579041985,14.027345306966616,13.866406833265698,-0.0092786086970979,0.1771102632219958,43.12605667114258,0.2197055158766147
CGCNN,cgcnn_emb,matbench_jdft2d,4,8,7.886378203073128,2.072898408013762,17.012674464009624,14.014573091908147,13.917267244907826,0.0020192271059014,0.0956601549679103,56.84969329833984,0.543058409400324
CGCNN,cgcnn_emb,matbench_phonons,0,8,7.835317515417504,2.057790688247293,13.881101893946282,11.595427349615768,11.290859749170556,-0.0150272566207103,0.1037737593750538,120.85586547851562,0.8650893548417711
CGCNN,cgcnn_emb,matbench_phonons,1,8,7.915797804301418,2.063131585114398,14.058819115750056,11.822660546002796,11.761294062572157,-0.0444360333080999,0.1413103953787298,95.01361083984376,0.505921864755021
CGCNN,cgcnn_emb,matbench_phonons,2,8,7.860147645606931,2.0728731438465964,13.963944093930111,11.215740009102474,11.042371053338996,0.0059045098238827,0.1926917101911922,107.58792877197266,0.6806854941048035
CGCNN,cgcnn_emb,matbench_phonons,3,8,7.841739729630275,2.0690155964206998,13.901478748058738,11.72807799041284,11.639978706277583,-0.008422730808755,0.1673058219799568,106.3216552734375,0.6630862450999723
CGCNN,cgcnn_emb,matbench_phonons,4,8,7.850655576140091,2.072328371814524,13.982073053958471,11.696070901506229,11.64237997666787,0.0018627019338232,0.2072472327521288,83.64874267578125,0.3479677221801403
CGCNN,cgcnn_emb,matbench_dielectric,0,8,7.879740006434417,2.065362218472768,17.600957738211598,14.551304327142418,14.522950023218051,0.0122826012636495,0.1422095722761118,0.416130393743515,0.29442696971553517
CGCNN,cgcnn_emb,matbench_dielectric,1,8,7.881111219637887,2.0689318229334392,17.37970236467581,14.143527728682155,13.997116490399348,-0.0048476392644213,0.2340906800727986,0.4816587567329407,0.5072370348496714
CGCNN,cgcnn_emb,matbench_dielectric,2,8,7.835435981975639,2.0621921229559463,17.50514035366723,14.691484341343903,14.559412870260482,-0.008437104510726,0.1983812573383765,0.6333900690078735,1.0
CGCNN,cgcnn_emb,matbench_dielectric,3,8,7.908503337712247,2.069906815428853,17.62850770985821,14.610897915872313,14.513688851416717,-0.007099180457689,0.2252931203534417,0.4796147644519806,0.5005989607303015
CGCNN,cgcnn_emb,matbench_dielectric,4,8,7.895979721122222,2.072206907512529,17.38361034673798,14.248199006180473,14.320680823489813,-0.0071969582666948,0.1607762263602112,0.5495129823684692,0.7276005769612517
CGCNN,cgcnn_emb,matbench_log_gvrh,0,8,7.880942329601591,2.0748332295349368,18.68797281518264,15.557500985377407,15.327232468269155,-0.0049436507604005,0.1653965313678615,0.1072946935892105,0.4350096822707064
CGCNN,cgcnn_emb,matbench_log_gvrh,1,8,7.895518709459615,2.067728500363629,18.42510167897067,15.078688175561105,15.180358282490952,0.0299635041679092,0.2003305310761173,0.130126342177391,1.0
CGCNN,cgcnn_emb,matbench_log_gvrh,2,8,7.90050646590924,2.0648017311780427,18.496665796330767,15.466813032137328,15.347177601910568,-0.0061447142916858,0.1543350921150217,0.1216098889708519,0.7892524674902313
CGCNN,cgcnn_emb,matbench_log_gvrh,3,8,7.916843856497686,2.0738278812632664,18.581370425961413,15.639656561304228,15.523516049859218,-0.003007620203655,0.0910077272068654,0.1138070821762085,0.5961647772579951
CGCNN,cgcnn_emb,matbench_log_gvrh,4,8,7.9144057680518,2.0727006041935745,18.427598686606828,15.531780544110504,15.508002170171729,0.0201364759073973,0.1759994460333165,0.1131841763854026,0.5807503957995738
CGCNN,cgcnn_emb,matbench_log_kvrh,0,8,7.882963932293324,2.070086825322187,18.612640449756025,15.361126358030964,15.294220731711036,-0.0192186382942932,0.2277957341725585,0.090876817703247,0.9171508201390296
CGCNN,cgcnn_emb,matbench_log_kvrh,1,8,7.892168975554052,2.0762945621806503,18.509692533735475,14.893922981985233,14.887905316696822,0.0115335921087413,0.2393634695854417,0.0929401218891143,1.0
CGCNN,cgcnn_emb,matbench_log_kvrh,2,8,7.897247756305571,2.0688435713871933,18.46327885881987,15.475683792361885,15.393950462766211,0.0251127553175544,0.1640383016954102,0.0866594761610031,0.7478091930722295
CGCNN,cgcnn_emb,matbench_log_kvrh,3,8,7.955632669131802,2.076777800902752,18.422374551219203,15.525265202506404,15.50107366412129,0.0018907008104989,0.2079161666300055,0.0883557051420211,0.8159189661712838
CGCNN,cgcnn_emb,matbench_log_kvrh,4,8,7.921287801607825,2.0701843317174937,18.48738827604505,15.556573965243782,15.462313432357725,0.0595848799544007,0.1537761767467036,0.0895930007100105,0.8656008908025019
CGCNN,cgcnn_emb,matbench_perovskites,0,8,7.860741627085157,2.062720999530205,12.40994253209182,10.51479850366754,10.120869400032966,0.0350261923914536,0.212342014216551,0.0697182491421699,0.7329422362846287
CGCNN,cgcnn_emb,matbench_perovskites,1,8,7.782205786139363,2.05929053203989,12.278265509013933,10.03808516656314,10.040720715739576,0.0102120974076983,0.1776289985758763,0.0786404982209205,1.0
CGCNN,cgcnn_emb,matbench_perovskites,2,8,7.888712244927677,2.070243474697869,12.244518469186106,10.131752065860043,10.050850317624093,0.0425053035258187,0.2482162952920256,0.0700287371873855,0.7422356602054109
CGCNN,cgcnn_emb,matbench_perovskites,3,8,7.872536526804887,2.065749613797609,12.183857050143905,10.134838454877794,10.10255218734252,0.0549609967170982,0.1933056770292144,0.0761086791753768,0.9242184424053798
CGCNN,cgcnn_emb,matbench_perovskites,4,8,7.857884582075504,2.0655179572762274,12.260728359620469,10.178263008558234,9.939557840545636,0.0271612677669411,0.1487088830223759,0.0780360549688339,0.9819080075247465
CGCNN,cgcnn_emb,matbench_mp_gap,0,8,7.891124178537116,2.067513733299864,18.56254617236729,15.66974800624793,15.384630312859745,0.0719526070069441,0.197712435012736,0.3424437344074249,0.7033875029826685
CGCNN,cgcnn_emb,matbench_mp_gap,1,8,7.862160113454477,2.06901677693402,18.761194374014483,15.381048951707506,15.12498313781564,0.0052848404144646,0.1537328424119277,0.3417320251464844,0.6978712120109665
CGCNN,cgcnn_emb,matbench_mp_gap,2,8,7.856245425750366,2.067007146674767,18.569892800954392,15.089041300655577,15.178770328756077,0.0363874526025508,0.2331180728335303,0.3622309863567352,0.8567538356597566
CGCNN,cgcnn_emb,matbench_mp_gap,3,8,7.916638489484063,2.066858311764777,18.361391595057377,15.235206025131266,15.260471869914497,0.0184385930178842,0.0648148495153103,0.3807125389575958,1.0
CGCNN,cgcnn_emb,matbench_mp_gap,4,8,7.890077230193091,2.072759545116868,18.890176470446587,15.63385788068856,15.357166468636969,0.0830294836603984,0.2644465318273583,0.3407089114189148,0.6899412983114342
CGCNN,cgcnn_emb,matbench_mp_e_form,0,8,7.897892003301738,2.06793446802583,18.478754170170227,15.384961889642652,15.296802273404156,-0.0033028764805414,0.1459723761597955,0.2065497040748596,1.0
CGCNN,cgcnn_emb,matbench_mp_e_form,1,8,7.872327151395502,2.065717301917234,18.66281690103407,15.427627784592662,15.243340190350873,0.0104879347781555,0.131811138115879,0.176656037569046,0.7432705999515496
CGCNN,cgcnn_emb,matbench_mp_e_form,2,8,7.883526760640018,2.0633601822619543,18.46646697183403,15.177949385449775,15.23655312928126,0.0040330024567233,0.2198748821619466,0.2023722380399704,0.9641235594619579
CGCNN,cgcnn_emb,matbench_mp_e_form,3,8,7.917244330390805,2.0693544030612,18.41775304437195,15.176235158404277,15.2635702635247,0.0649241257682841,0.2388418467290725,0.2021406292915344,0.9621344834474655
CGCNN,cgcnn_emb,matbench_mp_e_form,4,8,7.894307208762164,2.062109757173001,18.757661251264366,15.66232400769156,15.04326897737079,0.0678629950841293,0.17017495729109,0.1415694653987884,0.44194407577710304
CGCNN,cgcnn_emb,matbench_jdft2d,0,16,15.46912291345995,2.756527206812529,16.448541276444654,14.776156628253643,14.606508537800304,0.0050233354803654,0.0962053255935738,33.801387786865234,0.0
CGCNN,cgcnn_emb,matbench_jdft2d,1,16,15.58171242677656,2.760486778769577,16.245280879711196,14.83569757800513,14.517764645589244,0.0058358367075851,0.0894426273832134,60.42766571044922,0.6273617004180093
CGCNN,cgcnn_emb,matbench_jdft2d,2,16,15.528933233601142,2.762719067061969,16.20870972117711,14.90176482108653,14.551098089737422,0.0252942606159508,0.0746042486733243,75.69554138183594,0.9870995680411769
CGCNN,cgcnn_emb,matbench_jdft2d,3,16,15.483695562649794,2.7604092573782006,16.017863741806984,14.538904628126886,14.361877668606724,0.0062764726162332,0.0655402183384089,40.55635452270508,0.15915883661343347
CGCNN,cgcnn_emb,matbench_jdft2d,4,16,15.556837202729474,2.7626309701688507,16.353882854681572,14.821698112034884,14.485262397381788,0.0203302140012681,0.1045807298161714,55.61809539794922,0.5140398077302823
CGCNN,cgcnn_emb,matbench_phonons,0,16,15.337300490936226,2.7535754742432346,13.235120860475629,11.818722832315329,11.721626027324035,-0.0171354992076069,0.0668882689284552,130.562744140625,1.0
CGCNN,cgcnn_emb,matbench_phonons,1,16,15.50001519054826,2.760165057453311,13.567216505400204,12.34586549039262,12.186144185286969,0.0004483299708585,0.0679277971819496,74.40170288085938,0.21944812819300058
CGCNN,cgcnn_emb,matbench_phonons,2,16,15.459318542684288,2.764232424158608,13.27164374756734,12.092819862336702,12.012306780470938,0.0183737294761532,0.077278148217067,99.0715789794922,0.5623213644096855
CGCNN,cgcnn_emb,matbench_phonons,3,16,15.501647258639752,2.7633556281594016,13.637716065126703,12.236797889960055,12.073841069686695,-0.0372113875812598,0.0644694334784916,89.39512634277344,0.42783359408670835
CGCNN,cgcnn_emb,matbench_phonons,4,16,15.466223260751097,2.7454767078221414,13.493780760075277,12.192854557730398,12.117743355118256,-0.0129157618013487,0.1072132963973534,97.2642822265625,0.5372027264399044
CGCNN,cgcnn_emb,matbench_dielectric,0,16,15.461506661306244,2.764160606468589,17.042223328354854,15.460834741055663,15.348912061559917,0.0084357909529952,0.0611901672574064,0.3809032738208771,0.1800232925408993
CGCNN,cgcnn_emb,matbench_dielectric,1,16,15.565857735239067,2.758823519556399,16.77951745458497,15.120443883986066,14.879259195714845,-0.0037487133002504,0.0898195581022263,0.494316041469574,0.5483428624080207
CGCNN,cgcnn_emb,matbench_dielectric,2,16,15.52185392878673,2.761132674879525,17.141767436589067,15.5289860318306,15.232018383189454,-0.0018252229946354,0.1229548239535044,0.5793142318725586,0.8243831846553782
CGCNN,cgcnn_emb,matbench_dielectric,3,16,15.64032497131875,2.7650040930487743,17.029095188376555,15.444001716664005,15.160916425046596,0.0103956869193793,0.1425329685427515,0.5216547250747681,0.6371280353207294
CGCNN,cgcnn_emb,matbench_dielectric,4,16,15.54292761293196,2.7603963848888857,16.90055792126007,15.426643892676276,15.011213701391332,0.0278546217685776,0.0765525266542894,0.5217497944831848,0.6374367829541884
CGCNN,cgcnn_emb,matbench_log_gvrh,0,16,15.553024938931603,2.7579884431967487,17.932024640446908,16.12195164518632,16.014226241765126,0.0191303903926898,0.0123028069286831,0.1119535788893699,0.5502981195394915
CGCNN,cgcnn_emb,matbench_log_gvrh,1,16,15.586895846886572,2.764612900301468,17.921233981994074,16.318298566635566,16.157047825638404,-0.017384574989981,0.0968517630069029,0.111732006072998,0.5448150947181067
CGCNN,cgcnn_emb,matbench_log_gvrh,2,16,15.53867213813151,2.761609823756563,17.88447447754379,16.320004637536996,15.986124307014617,-0.0175757331072442,0.0713321387430642,0.1137584596872329,0.5949615686771951
CGCNN,cgcnn_emb,matbench_log_gvrh,3,16,15.59239461157992,2.761588401022138,17.850075411575318,16.21070669219766,16.009517226682938,0.0254403131115459,0.0357784068095758,0.1262623965740203,0.9043830827324812
CGCNN,cgcnn_emb,matbench_log_gvrh,4,16,15.6023070430152,2.765258699492253,17.80670405903827,16.191408465133303,16.029700072890332,0.0009097907481279,0.0982028156178706,0.1158003658056259,0.6454904291818839
CGCNN,cgcnn_emb,matbench_log_kvrh,0,16,15.63330045243324,2.766657503938396,17.789622350081093,16.139555328361627,16.12795935350849,-0.0168538571984488,0.0496933243989244,0.083310067653656,0.6133182393128253
CGCNN,cgcnn_emb,matbench_log_kvrh,1,16,15.541425877541592,2.760005045180403,17.917004940270562,16.204379456249306,16.074414270251953,0.003630168403119,0.0624003039910879,0.0862595736980438,0.7317516523046117
CGCNN,cgcnn_emb,matbench_log_kvrh,2,16,15.59165235036166,2.753855989913627,17.918340679150955,16.349856595734323,16.13594605158698,0.0168198761059599,0.0513463002069278,0.0844942256808281,0.660866498095499
CGCNN,cgcnn_emb,matbench_log_kvrh,3,16,15.565473571160576,2.7587659358274674,17.80052553165487,16.01977118316301,15.927226096896025,-0.0210915080621292,0.0333557939498214,0.0883329510688781,0.8150053072395054
CGCNN,cgcnn_emb,matbench_log_kvrh,4,16,15.640195939360604,2.7512739553259618,17.925860218921557,16.535843472599055,16.240557588653996,-0.0269016320052093,0.0434693827455802,0.0871691480278968,0.7682743753073943
CGCNN,cgcnn_emb,matbench_perovskites,0,16,15.55492544056588,2.761148727095557,11.76638956801552,10.726097124112323,10.549615702489785,-0.0264528223286815,0.1172497459091587,0.0651943013072013,0.5975329486366214
CGCNN,cgcnn_emb,matbench_perovskites,1,16,15.369346421106425,2.759749201149346,11.773259788573917,10.702799874622174,10.561024594670316,-0.0240545854053428,0.1094826570911193,0.0640009269118309,0.5618132669184968
CGCNN,cgcnn_emb,matbench_perovskites,2,16,15.33152920831063,2.7619148407019942,11.895716015826135,10.807910484900392,10.451573214037849,0.0118821292775665,0.085489619360532,0.0643138587474823,0.5711798375540826
CGCNN,cgcnn_emb,matbench_perovskites,3,16,15.39667902601836,2.7591960774654094,11.798004179566757,10.73556838083423,10.516765817569665,-0.0287327202156746,0.0244260321120213,0.0627612099051475,0.5247064737184188
CGCNN,cgcnn_emb,matbench_perovskites,4,16,15.504186154347977,2.7596063080380517,11.790706293867798,10.709729313243416,10.542701707918445,-0.0085679376109331,0.1102455772550109,0.0664164498448371,0.6341138883199073
CGCNN,cgcnn_emb,matbench_mp_gap,0,16,15.514217333505908,2.760796778600548,17.893060207885874,16.22991918411331,16.074193211562335,0.0114659453348944,0.1099177156871751,0.3022975027561188,0.39222351038084147
CGCNN,cgcnn_emb,matbench_mp_gap,1,16,15.629255469749536,2.760571927365338,17.823075501970063,16.305507003300608,16.153590532973606,0.0323143303038648,0.0837497219296569,0.2991625666618347,0.36792535856122305
CGCNN,cgcnn_emb,matbench_mp_gap,2,16,15.605541320474796,2.7570643615799826,17.767435352643403,16.046831342974,15.93422672048066,0.0042444935395327,0.0804528819421942,0.312005341053009,0.46746668015652815
CGCNN,cgcnn_emb,matbench_mp_gap,3,16,15.61241864320879,2.7559144462575205,17.951659996711285,16.26572799223862,16.004061763499976,-0.0079841996890364,0.0897424483096863,0.3263181746006012,0.5784020842760644
CGCNN,cgcnn_emb,matbench_mp_gap,4,16,15.614779395381747,2.761591451373514,18.0327064747136,16.303075516768395,16.068887906714632,0.0373696448212968,0.0827846475021472,0.3037856817245483,0.40375803530324544
CGCNN,cgcnn_emb,matbench_mp_e_form,0,16,15.613490335837955,2.7653132693948197,17.860406817035837,16.32413152303869,16.1750603436598,0.0469857795491208,0.0860790908835044,0.1088057234883308,0.16056621928772827
CGCNN,cgcnn_emb,matbench_mp_e_form,1,16,15.589240003404509,2.760316805208495,17.842780746292096,16.24091202493855,16.127719206337694,-0.0129110245232308,-0.0248844558583392,0.1544148921966552,0.5522617149513169
CGCNN,cgcnn_emb,matbench_mp_e_form,2,16,15.518459086483574,2.759871348161377,17.884136930845656,16.19755781554667,16.00672114645512,0.0024487418761333,0.0562959547466967,0.1552591174840927,0.5595119949230767
CGCNN,cgcnn_emb,matbench_mp_e_form,3,16,15.577609235287834,2.7622857675850048,17.99354577783413,16.167042704483748,15.956129826760936,0.0199506744375094,0.0878331964652247,0.1876784414052963,0.8379319598560617
CGCNN,cgcnn_emb,matbench_mp_e_form,4,16,15.665836044670671,2.765166786154981,17.876094624474785,16.33750453782248,16.14500134215173,0.0006796776386056,0.0703987283783725,0.108472928404808,0.1577081462535869
CGCNN,cgcnn_emb,matbench_jdft2d,0,32,29.859923339958677,3.451382487268431,16.133167496826015,15.277434926042291,14.895883649599904,-0.0307022823017452,-0.0084723070193653,35.546417236328125,0.04111594740490798
CGCNN,cgcnn_emb,matbench_jdft2d,1,32,30.03934269730496,3.444789531363197,15.799667499862464,15.01776145920442,14.871019181301714,0.0200997630994246,0.0087662857292545,60.74628448486328,0.6348689162848
CGCNN,cgcnn_emb,matbench_jdft2d,2,32,30.0216925770982,3.4488632042952543,15.840180296995245,15.090485028970049,14.889142864237106,-0.0128198378435295,-0.0171024350240734,74.09516906738281,0.9493919958683528
CGCNN,cgcnn_emb,matbench_jdft2d,3,32,29.924375294490883,3.449132699437685,15.634246082136672,14.755015893522488,14.634427119093235,0.0125910387484438,0.0244675125027055,45.19647979736328,0.2684883077027339
CGCNN,cgcnn_emb,matbench_jdft2d,4,32,30.21402417117213,3.452766105732976,16.075892467156244,15.127575573361256,15.031380598015636,-0.0286626715356461,-0.0052832004922727,54.82109069824219,0.49526098235016913
CGCNN,cgcnn_emb,matbench_phonons,0,32,29.28577359255345,3.4489948438480416,13.136588208220504,12.354107093788816,12.216216942708051,-0.0016473177591044,0.0310042715658703,128.8140106201172,0.9756953006549417
CGCNN,cgcnn_emb,matbench_phonons,1,32,29.78023792852145,3.4545101859940157,13.28890091550035,12.532521445719878,12.438395874459053,-0.0186891287180837,0.0184680972143524,83.5193099975586,0.3461688075412113
CGCNN,cgcnn_emb,matbench_phonons,2,32,29.708556465385488,3.4476853072821187,13.153443354891907,12.5744362676523,12.36186878685285,0.0144552424671582,-0.0300325376462566,106.9537353515625,0.6718711835029189
CGCNN,cgcnn_emb,matbench_phonons,3,32,29.519436190964512,3.448889462241577,13.298364752127632,12.642028516865809,12.520352821196958,-0.0100946663588085,0.0119292676803382,99.46365356445312,0.5677705965520113
CGCNN,cgcnn_emb,matbench_phonons,4,32,29.62794792539845,3.450299951203194,13.266894338783404,12.535000920924626,12.533110353605004,-0.0376398237588353,0.0076125171533014,101.67054748535156,0.5984430189679193
CGCNN,cgcnn_emb,matbench_dielectric,0,32,30.05952988253332,3.450170611204835,16.656711288234213,15.741973145887789,15.622659212552628,0.012249983108848,0.0234177699940972,0.3890386521816253,0.2064437663610839
CGCNN,cgcnn_emb,matbench_dielectric,1,32,30.040943000880784,3.4522897144970486,16.45244785132736,15.45150227796712,15.400427222491656,-0.0003044740598975,0.0304559263263874,0.5022698044776917,0.5741735217835974
CGCNN,cgcnn_emb,matbench_dielectric,2,32,30.08668024408979,3.456826296648207,16.683387642912678,15.858479865377118,15.686297862012466,-0.0165925358417218,0.0038033536881971,0.5623272657394409,0.7692162736522222
CGCNN,cgcnn_emb,matbench_dielectric,3,32,30.081712577555116,3.4539018680651066,16.73942099444507,15.824859411410356,15.701697086635194,0.0030358532493394,0.0116053117108253,0.5090243220329285,0.5961095088173582
CGCNN,cgcnn_emb,matbench_dielectric,4,32,30.186058246742327,3.452490875813594,16.524306148869144,15.71938586398067,15.453222644817547,-0.005601447565101,0.0049351668136528,0.5738855600357056,0.8067530172822214
CGCNN,cgcnn_emb,matbench_log_gvrh,0,32,30.252223771711208,3.4567130703317503,17.5342726872797,16.58239426320965,16.4599180110892,-0.0101656386089932,-0.0007088641131604,0.1121407896280288,0.5549308228814651
CGCNN,cgcnn_emb,matbench_log_gvrh,1,32,30.179233341638295,3.4578342277761958,17.573737652343098,16.78328781833641,16.567359429276667,0.0381151517636286,0.0283233343393306,0.1134194433689117,0.5865722954863459
CGCNN,cgcnn_emb,matbench_log_gvrh,2,32,30.32313033190625,3.453754553758708,17.46929716884435,16.592982887260412,16.52376889601095,-0.0131875112197412,0.0502760440476279,0.1180738732218742,0.70175047858239
CGCNN,cgcnn_emb,matbench_log_gvrh,3,32,30.13002697256088,3.45583985986766,17.5269786272744,16.591723638324417,16.416499866159068,-0.0169878262704599,0.0090487216205625,0.1097217425704002,0.4950692600857224
CGCNN,cgcnn_emb,matbench_log_gvrh,4,32,30.24497722638089,3.454220847982462,17.51860025820929,16.65877701376108,16.48697693669122,-0.026782162335579,0.017361666249114,0.1154986247420311,0.6380235667372396
CGCNN,cgcnn_emb,matbench_log_kvrh,0,32,30.46657248850056,3.451719565550213,17.49451268330898,16.681329069002995,16.544568430882272,-0.0077809148871303,0.0447646121856662,0.0815345719456672,0.5420256183502433
CGCNN,cgcnn_emb,matbench_log_kvrh,1,32,30.37412016333409,3.4537333517183586,17.43837135321906,16.59226020504769,16.538339653007586,0.0010781816466529,0.0021093667690837,0.0838582813739776,0.635331017374478
CGCNN,cgcnn_emb,matbench_log_kvrh,2,32,30.16412326875269,3.449737875688031,17.544334165366013,16.614142185480414,16.532567248827853,0.0167232343723585,0.0002502948986027,0.0820081457495689,0.561041331847865
CGCNN,cgcnn_emb,matbench_log_kvrh,3,32,30.139024458096724,3.455217852816937,17.586331701339944,16.59900170178391,16.52335369679395,0.0180728410087288,0.0140321168121006,0.0887938886880874,0.8335136318869959
CGCNN,cgcnn_emb,matbench_log_kvrh,4,32,30.3450297264237,3.4569004020291034,17.50103112396387,16.540144074259743,16.483980722092237,0.0248697969235738,0.0144140052865926,0.0874972566962242,0.7814491336694406
CGCNN,cgcnn_emb,matbench_perovskites,0,32,29.318671747730885,3.4462632974611687,11.69361724093652,11.056878361861225,10.89176343182666,0.0565690971243736,-0.0121867363839303,0.063635379076004,0.5508718118318611
CGCNN,cgcnn_emb,matbench_perovskites,1,32,29.087197188178028,3.443572618001934,11.67688177586983,11.10584955514833,10.891993799881302,-0.0005993819487774,0.0232661918309721,0.0622174404561519,0.508430549145616
CGCNN,cgcnn_emb,matbench_perovskites,2,32,29.36639185564924,3.44515706196801,11.542392569958688,10.965739059898029,10.83216742389355,-0.0160179313361032,0.0302892712818558,0.0603139661252498,0.45145639457835635
CGCNN,cgcnn_emb,matbench_perovskites,3,32,29.22430677753452,3.45104309267711,11.590161723868173,11.06307000675456,10.969461748525848,-0.0153135029789001,0.0207084863648486,0.0604740343987941,0.4562475043980013
CGCNN,cgcnn_emb,matbench_perovskites,4,32,29.57033168604904,3.45735887019977,11.687352778112292,11.08409907102205,10.938447484341806,-0.0444061116223938,0.042357913763829,0.0585333481431007,0.3981595349920618
CGCNN,cgcnn_emb,matbench_mp_gap,0,32,30.341341699730712,3.4541605983658705,17.640542832689754,16.794854125766154,16.27869461939884,0.0188585282746871,-0.0081393520803346,0.2840562760829925,0.2508400557426962
CGCNN,cgcnn_emb,matbench_mp_gap,1,32,30.524923382919813,3.458927682449219,17.508514963013774,16.67803528152536,16.520773717677294,-0.0228779543210351,0.0394536569988237,0.285664290189743,0.26330339461749847
CGCNN,cgcnn_emb,matbench_mp_gap,2,32,30.483496935995728,3.456721299874477,17.550669822089237,16.69140341330675,16.542037968662726,0.0279361809106851,0.0023110730740437,0.2744719982147217,0.17655457376771613
CGCNN,cgcnn_emb,matbench_mp_gap,3,32,30.390639657908807,3.4526904746307068,17.43881665629923,16.523690630956487,16.492190893186226,-0.0004376258174225,0.0068364590649781,0.2705320417881012,0.1460168988239566
CGCNN,cgcnn_emb,matbench_mp_gap,4,32,30.52191206090816,3.4543273107030807,17.45846931519002,16.648712649801215,16.59047287505732,-0.0080163533608561,0.006623023281933,0.2996885180473327,0.37200188396085404
CGCNN,cgcnn_emb,matbench_mp_e_form,0,32,30.168890672916746,3.458094778653134,17.65506611320657,16.79234715404643,16.5602029589773,-0.0172947823197075,0.0307299974117158,0.1084669008851051,0.1576563813917288
CGCNN,cgcnn_emb,matbench_mp_e_form,1,32,30.129425342130272,3.455431164565616,17.541538983228833,16.68523276976055,16.559489353073545,0.0143311460891268,0.0479388304489351,0.164422795176506,0.638210453533134
CGCNN,cgcnn_emb,matbench_mp_e_form,2,32,30.383905702003148,3.452779120234569,17.449989717367693,16.509047919984376,16.451926736930126,-0.0127619122032529,-0.0277804171946448,0.1124444231390953,0.1918156874021734
CGCNN,cgcnn_emb,matbench_mp_e_form,3,32,30.23426836937988,3.457608659522,17.48446304716498,16.59439860626942,16.465308620046944,-0.0087742791190011,-0.0070880241175005,0.1342375129461288,0.37897663235596907
CGCNN,cgcnn_emb,matbench_mp_e_form,4,32,30.28026225799799,3.453015210542779,17.618936576933905,16.70702369692051,16.51684479729189,0.0068264741653262,0.0061084729083795,0.1477042734622955,0.49463033937913653
CGCNN,cgcnn_emb,matbench_jdft2d,0,64,54.83692961065815,4.144938150678881,15.910627541448616,15.43723971460656,15.33777406593708,0.0071643342056989,-0.0428227724951942,39.9987907409668,0.1460216582512638
CGCNN,cgcnn_emb,matbench_jdft2d,1,64,54.36128362802501,4.141632084897981,15.716804773628562,15.34176626289118,15.216361205440837,0.002575570875967,-0.0031955487413543,59.28761672973633,0.6005001514943291
CGCNN,cgcnn_emb,matbench_jdft2d,2,64,54.13549490831842,4.149142856916946,15.70759417144783,15.24236516965782,15.168709245799173,-0.0326389944756981,-0.0100048568364581,73.4526596069336,0.9342533486718159
CGCNN,cgcnn_emb,matbench_jdft2d,3,64,54.221820682104735,4.148783037620825,15.482973715809392,15.017212424817052,14.95389104892371,-0.0210633728884424,-0.0196366214765924,45.78426742553711,0.28233761277474245
CGCNN,cgcnn_emb,matbench_jdft2d,4,64,54.60607172410726,4.14105851679698,15.964954550076028,15.50138206305104,15.355095192469326,-0.0019441605866683,-0.0195047029556376,60.12865829467773,0.6203165624781756
CGCNN,cgcnn_emb,matbench_phonons,0,64,50.827757161836615,4.1430873759099525,13.05495361850653,12.707262144947665,12.567939550100927,-0.0248554993118284,0.0024201455007609,119.00798034667967,0.8394066009934694
CGCNN,cgcnn_emb,matbench_phonons,1,64,51.39375981483583,4.147083685403363,13.18478755830086,12.84949093762668,12.731095016665764,-0.0042225666791383,-0.0175496209363713,81.0521469116211,0.31187904507269965
CGCNN,cgcnn_emb,matbench_phonons,2,64,50.86032291419674,4.140810177691064,12.98760383779089,12.683074023659469,12.605019877301745,-0.0182308826226657,0.0033696947939939,103.31771850585938,0.6213361561748447
CGCNN,cgcnn_emb,matbench_phonons,3,64,51.10847789377234,4.14068150461698,13.18095019764328,12.86819282237439,12.729119902320194,-0.0376357973106434,-0.0317432031546852,80.66278839111328,0.30646756203803405
CGCNN,cgcnn_emb,matbench_phonons,4,64,51.08568681258532,4.141212400407845,13.192310999109612,12.840568405159074,12.717853991969012,-0.0226723123534916,0.0022997509129246,104.77315521240234,0.6415644820766759
CGCNN,cgcnn_emb,matbench_dielectric,0,64,55.168440556192806,4.149157831849141,16.55626823905804,16.09358343405435,15.953245023390457,-0.0039399586986725,-0.0028622887569586,0.3254705965518951,0.0
CGCNN,cgcnn_emb,matbench_dielectric,1,64,55.40982581512189,4.146923171088512,16.31832571689825,15.870155879147111,15.800389258320353,0.0120276088293583,0.0050901594750269,0.4483510851860046,0.39906696271596476
CGCNN,cgcnn_emb,matbench_dielectric,2,64,55.11984096787917,4.150409809121353,16.568389856738555,16.165775688400785,16.03169245064813,-0.0175587388911439,0.0181165051887036,0.5703772306442261,0.7953593585327539
CGCNN,cgcnn_emb,matbench_dielectric,3,64,55.24736748544728,4.148635033916006,16.56409194174976,16.10931268518755,15.98532854803117,-0.0016523203735898,-0.0180788111232625,0.4650889039039612,0.4534247419900557
CGCNN,cgcnn_emb,matbench_dielectric,4,64,55.14289879157291,4.145457723753243,16.348022116944318,15.94185474674584,15.735770235100146,0.0282076860651977,-0.0448124956921258,0.5120862722396851,0.606053505480948
CGCNN,cgcnn_emb,matbench_log_gvrh,0,64,55.80978299499344,4.148741034743654,17.41137333816337,16.92601441030911,16.74557724448354,-0.0181000515155312,0.0108398913624596,0.1097190305590629,0.49500214885013966
CGCNN,cgcnn_emb,matbench_log_gvrh,1,64,55.80350957331276,4.145582610313335,17.4424569800604,16.979734655786615,16.833723042769208,0.0251732372861449,-0.0037671014584192,0.1145860999822616,0.6154422953075053
CGCNN,cgcnn_emb,matbench_log_gvrh,2,64,55.62460261375404,4.147669498651746,17.386351657807065,16.910661099657563,16.65990561335849,-0.0183663422577346,4.421178260604897e-05,0.1095109432935714,0.4898528364914025
CGCNN,cgcnn_emb,matbench_log_gvrh,3,64,55.71030995698355,4.147911930643239,17.35853811784583,16.81038286878358,16.739163381918118,0.0475458477817895,-0.0001926680072398,0.1089983358979225,0.47716789110870295
CGCNN,cgcnn_emb,matbench_log_gvrh,4,64,56.010712457619874,4.147711777963972,17.46432805973871,17.031977797514838,16.75650308967863,-0.0070221979479577,-0.0010046101415122,0.1158714815974235,0.6472502554006571
CGCNN,cgcnn_emb,matbench_log_kvrh,0,64,55.77404074002549,4.149160359918035,17.466063110665328,16.973399549618495,16.711901701197803,0.0197416271256883,-0.0275004697949785,0.0803012996912002,0.49250524441423454
CGCNN,cgcnn_emb,matbench_log_kvrh,1,64,55.767837125401854,4.145620093634076,17.353999613670684,16.850319265961403,16.69785641849742,-0.0051998355154071,0.0140240167057254,0.085229568183422,0.6903931784919771
CGCNN,cgcnn_emb,matbench_log_kvrh,2,64,55.61342301012011,4.146893414018682,17.40459225494514,16.940071791535473,16.66537423379768,0.039391324594924,0.0184583300557798,0.0819451212882995,0.55851067012425
CGCNN,cgcnn_emb,matbench_log_kvrh,3,64,55.85770427285537,4.149755662791167,17.427383442371614,16.892103392343955,16.821894278382683,0.0061812385802589,-0.0101404783372237,0.0882604569196701,0.8120944030462505
CGCNN,cgcnn_emb,matbench_log_kvrh,4,64,55.74916052723508,4.144092688945671,17.377674120493126,16.867254156658866,16.789028803722168,-0.0060812754242511,0.0247057374784397,0.0848990306258201,0.6771208913769026
CGCNN,cgcnn_emb,matbench_perovskites,0,64,47.08964479074859,4.142537845152065,11.58392780501168,11.224461199887148,11.114533654684069,0.0660885741848183,0.0005259010293931,0.0588425621390342,0.4074148244975033
CGCNN,cgcnn_emb,matbench_perovskites,1,64,47.17793539507975,4.142152606025593,11.582960730068844,11.334069098072025,11.050929094805344,0.00340810055668,0.0009718018890667,0.0568091832101345,0.3465524091193896
CGCNN,cgcnn_emb,matbench_perovskites,2,64,47.13775369420228,4.138233508993842,11.527616240219851,11.182234876031732,11.010754649458596,-0.0421358348734993,-0.0337722657173506,0.058015838265419,0.3826696030909853
CGCNN,cgcnn_emb,matbench_perovskites,3,64,46.84802924286866,4.139731195313415,11.503273369506944,11.193819340298637,11.09021332387734,-0.014944378262632,0.0366617446308121,0.0559333488345146,0.32033722865607384
CGCNN,cgcnn_emb,matbench_perovskites,4,64,47.75674257945924,4.139387612321431,11.500168088054222,11.210395033915216,11.114229431717826,-0.0398506670320072,-0.0039893716862662,0.0576393604278564,0.3714009948622239
CGCNN,cgcnn_emb,matbench_mp_gap,0,64,56.44670991663904,4.146167537799184,17.371689751928983,16.88796932265121,16.678338989830557,-0.0064616288339697,0.0225197912318492,0.277986079454422,0.2037913903728122
CGCNN,cgcnn_emb,matbench_mp_gap,1,64,56.6175662840598,4.149036865315722,17.34136344374474,16.89482774075187,16.84985301647436,0.0216858620115803,-0.1088612811002868,0.2773669958114624,0.1989930187654605
CGCNN,cgcnn_emb,matbench_mp_gap,2,64,56.46596755723788,4.148527438369168,17.368054579578644,16.99789132406704,16.860802755864505,0.0369231153956762,-0.040191119734685,0.2711704075336456,0.1509647214701543
CGCNN,cgcnn_emb,matbench_mp_gap,3,64,56.28797748153762,4.14678584339881,17.406077953870916,16.93401887480936,16.805727335220144,0.0141622242708458,0.0080516054345048,0.2797234356403351,0.21725722926089647
CGCNN,cgcnn_emb,matbench_mp_gap,4,64,56.7087308965827,4.14641393043298,17.4264160927416,16.976765159361175,16.849455030809604,0.0879239072684627,-0.0162213982370711,0.2651744186878204,0.10449122315858145
CGCNN,cgcnn_emb,matbench_mp_e_form,0,64,56.02800720734602,4.145359133819672,17.369835572395203,16.86267062067624,16.684225920918262,-0.0126891166422645,0.0123625922093701,0.0991080775856971,0.0772819953876162
CGCNN,cgcnn_emb,matbench_mp_e_form,1,64,55.93289953597832,4.147427020265152,17.417207042406105,16.942867236095314,16.776555792652054,0.0039455936668809,-0.012245542473476,0.0939172208309173,0.032702467475478114
CGCNN,cgcnn_emb,matbench_mp_e_form,2,64,56.07402488613033,4.148118156277641,17.39490496297822,16.95536634618527,16.83694328281143,-0.0076344042891714,-0.0044371801726657,0.1137887090444564,0.2033605313211963
CGCNN,cgcnn_emb,matbench_mp_e_form,3,64,55.991120854359856,4.146918984870142,17.38166084906939,16.938643091804643,16.840603890595347,-0.015928452524725,-0.0151705365685401,0.1217539831995964,0.27176699643891056
CGCNN,cgcnn_emb,matbench_mp_e_form,4,64,55.97962014138727,4.146227416871101,17.386786219955646,16.919843538634115,16.674570190045593,0.0160022913786876,-0.0056646437436824,0.144942045211792,0.47090808364945763
CGCNN,cgcnn_hm,matbench_jdft2d,0,8,6.887690682310184,1.8956734610695185,25.311621461094624,18.927962374390543,10.625375819787138,0.2203397062681971,0.3484894725576857,34.62640380859375,0.019438821143125604
CGCNN,cgcnn_hm,matbench_jdft2d,1,8,7.092441621570684,2.010180812245954,24.228878361658023,19.439985646102357,10.372372145959773,0.3207228829251183,0.2252922125403849,49.55003356933594,0.37106565272574293
CGCNN,cgcnn_hm,matbench_jdft2d,2,8,6.743733707774557,1.994588777998121,25.88819049233788,21.16603474861248,15.12372546457274,0.2856147805039441,0.1813033897271707,70.81800079345703,0.8721761767145622
CGCNN,cgcnn_hm,matbench_jdft2d,3,8,7.250344140636741,2.023503325520592,20.332424374308847,15.557966658380847,12.622752483162154,0.245453482072498,0.3357220435898863,45.95347213745117,0.2863243718737723
CGCNN,cgcnn_hm,matbench_jdft2d,4,8,7.332720421712857,2.048482924875468,20.979346404539445,15.446961438954665,13.209258978357765,0.2603278577819796,0.1706807529309387,51.92833709716797,0.4271026455646586
CGCNN,cgcnn_hm,matbench_phonons,0,8,7.428016931555749,2.029088023562593,19.272839166324765,16.060451051589133,11.796051725033696,0.1553581595089951,0.2293525323063671,69.1773681640625,0.14683793168185583
CGCNN,cgcnn_hm,matbench_phonons,1,8,7.148347377114439,2.0235629780758924,17.65898835420309,13.30552684503986,10.924896052265453,0.3144670162605208,0.2300177751988159,86.75726318359375,0.3911713638238319
CGCNN,cgcnn_hm,matbench_phonons,2,8,7.168748067465172,2.038929018329953,20.060447678171077,15.380022761509988,12.841486514741746,0.1405713682209431,0.2864187182411885,92.11444091796876,0.4656278734321199
CGCNN,cgcnn_hm,matbench_phonons,3,8,6.580926885578128,1.995359652081525,25.375315573797977,22.473058633362704,8.43214205221116,0.1945706992092646,0.1745434645942901,76.37205505371094,0.24683298506423684
CGCNN,cgcnn_hm,matbench_phonons,4,8,7.081429027964909,1.897680542259172,20.03962437050456,16.212176905699582,10.17987280019068,0.0771895012176422,0.2383009421521325,66.24711608886719,0.10611194635724558
CGCNN,cgcnn_hm,matbench_dielectric,0,8,7.035343007122389,1.999393997025393,25.46210493603808,19.50412256669602,13.769432359284654,0.3796745011253283,0.297184251392686,0.3953286409378052,0.2268711485789432
CGCNN,cgcnn_hm,matbench_dielectric,1,8,6.681580677583249,2.0251902620586426,31.49181725387092,25.851434112350432,19.33392129095769,0.4147466246955122,0.3832541172940356,0.506920576095581,0.5892773785835415
CGCNN,cgcnn_hm,matbench_dielectric,2,8,6.988726066698171,2.004238237120568,23.8326369854923,16.935386382723376,12.514763951239898,0.5156192302816862,0.3184098652370554,0.5470923185348511,0.7197392234251766
CGCNN,cgcnn_hm,matbench_dielectric,3,8,6.7545879556369215,1.9768658307847549,30.3143792257818,24.59640385378287,17.214746246198303,0.4267785282700823,0.3109571832138183,0.4698018133640289,0.46873039779180586
CGCNN,cgcnn_hm,matbench_dielectric,4,8,6.44553850706428,2.013295030492639,30.589084744405508,25.90863477589202,17.106890177851945,0.1898177822543723,0.1502994686881666,0.5180582404136658,0.6254480833111452
CGCNN,cgcnn_hm,matbench_log_gvrh,0,8,6.781201548802198,1.9889571871101204,30.800146718840917,24.61506844815524,14.162897213900417,0.3357569331364158,0.2608595335168906,0.1070615798234939,0.42924106595504213
CGCNN,cgcnn_hm,matbench_log_gvrh,1,8,6.978030789801811,1.9933966654642672,31.416299710006527,26.30365470241426,14.355336929366873,0.3351223615172027,0.2470291923035254,0.1006390377879142,0.2703093072037091
CGCNN,cgcnn_hm,matbench_log_gvrh,2,8,6.953844399242758,2.041777697576038,31.1027423731928,25.630297452869662,15.444440099831986,0.3287099725526075,0.4022950554809947,0.0968897566199302,0.17752986772633608
CGCNN,cgcnn_hm,matbench_log_gvrh,3,8,6.519086063433832,2.0359796797495457,33.140191443174565,26.478440061341026,14.030404559855358,0.3313773179425806,0.3258877056257024,0.1059889495372772,0.4026978347961074
CGCNN,cgcnn_hm,matbench_log_gvrh,4,8,7.5167935981295,1.9967336317897195,22.928423837065488,16.011816718817105,14.452631230598248,0.3055425780420471,0.3323664418807527,0.1037453711032867,0.3471784058168487
CGCNN,cgcnn_hm,matbench_log_kvrh,0,8,7.449468690655157,2.044585837786689,24.031844865787637,17.85231987650498,13.9490600507537,0.4113928108849818,0.3720438781857529,0.0724391490221023,0.17681125254442182
CGCNN,cgcnn_hm,matbench_log_kvrh,1,8,6.877248279535952,1.845498474918453,30.45061483545295,24.267332130167443,14.79686824333302,0.4954435642451823,0.440760700026368,0.075664184987545,0.30630819564626904
CGCNN,cgcnn_hm,matbench_log_kvrh,2,8,6.9682014633013365,2.011854068897537,30.119014657640047,24.72658269130183,16.25037612869926,0.4234924295460473,0.3356133454884227,0.0690421089529991,0.04040771805454627
CGCNN,cgcnn_hm,matbench_log_kvrh,3,8,7.173350642425137,2.022114476793657,27.34028434961583,20.97084296376061,16.889334244356768,0.3468631407937656,0.3433153804109135,0.0740638002753257,0.24204691910857326
CGCNN,cgcnn_hm,matbench_log_kvrh,4,8,6.5436357931536575,1.966376308000045,32.04850053736337,26.62279407162169,13.911293016369118,0.4422877541110542,0.3620695790411287,0.0736714676022529,0.22629333298230814
CGCNN,cgcnn_hm,matbench_perovskites,0,8,5.909105593167952,1.8460238794687105,26.50978224613278,23.62834323037538,12.64673262598142,0.2840075193516012,0.2499158792964571,0.0619578845798969,0.5006616098053179
CGCNN,cgcnn_hm,matbench_perovskites,1,8,6.355495275975095,1.8190791442145784,21.838431811630706,17.155370206267868,12.203015381239252,0.2679547177703992,0.2620077911421151,0.0616848058998584,0.49248791044255147
CGCNN,cgcnn_hm,matbench_perovskites,2,8,6.0204541106974405,1.9998546964792872,24.713073842982087,20.55469534516123,11.33507410829646,0.273703100203033,0.2546381996681319,0.0613073632121086,0.4811904226419424
CGCNN,cgcnn_hm,matbench_perovskites,3,8,5.444566687615847,1.785930735736286,29.670613543931303,27.01287696760967,8.883003950443621,0.3280947474998668,0.3482489303906136,0.0585941709578037,0.3999800630600512
CGCNN,cgcnn_hm,matbench_perovskites,4,8,6.465399941693883,1.86534170746714,20.61738202808727,15.23213730870313,12.722384849467629,0.2863467629329428,0.2895680907584664,0.0592218823730945,0.4187685103838786
CGCNN,cgcnn_hm,matbench_mp_gap,0,8,6.75830346953601,2.029275705374973,33.53265865590573,27.5307314845593,13.2336649320501,0.218233705737065,0.3604975032094411,0.3540787398815155,0.7935676919654706
CGCNN,cgcnn_hm,matbench_mp_gap,1,8,7.063845119461086,2.044200000211208,29.70716841927478,24.875497916090964,16.705927961923912,0.3700735832338098,0.2800773065252205,0.3522793054580688,0.7796206992691678
CGCNN,cgcnn_hm,matbench_mp_gap,2,8,6.485797641191681,2.060684269243068,35.67898548317436,30.43309082450825,16.267521061054765,0.2628676714253523,0.3643119291408634,0.3446912765502929,0.7208076731443409
CGCNN,cgcnn_hm,matbench_mp_gap,3,8,6.477774572912809,2.0552342726158197,34.9216072764367,29.870691754249965,19.311736111737005,0.3221570983047556,0.2766598165736045,0.3397110104560852,0.682206802817256
CGCNN,cgcnn_hm,matbench_mp_gap,4,8,6.870177879685033,2.009772315851221,31.83671623546026,27.65576972365961,16.318526385975908,0.3093697842427786,0.2613920977266287,0.3315293788909912,0.6187929022075096
CGCNN,cgcnn_hm,matbench_mp_e_form,0,8,6.369696296293433,1.9158355517505825,36.19891660484285,28.400191107734177,20.52532430990925,0.4334897734515325,0.481440020947494,0.1269436776638031,0.3163365424988239
CGCNN,cgcnn_hm,matbench_mp_e_form,1,8,6.0633597051953965,1.8992799521860413,35.12225613015607,29.204072374643737,13.74919796957134,0.3559128482630643,0.3859547032608339,0.107860043644905,0.1524446387919599
CGCNN,cgcnn_hm,matbench_mp_e_form,2,8,6.130046921030089,2.0296784491322515,35.126680160846554,27.65649023291049,21.85498039421069,0.3469448200373446,0.360640948961232,0.1510017067193985,0.5229489821134169
CGCNN,cgcnn_hm,matbench_mp_e_form,3,8,6.448278489572367,2.056492536519378,34.13134373878433,25.381997065425075,19.464217217100668,0.3446906016114369,0.4571563559505687,0.1471763551235199,0.4900965309096375
CGCNN,cgcnn_hm,matbench_mp_e_form,4,8,7.00814741319132,2.0262087895095906,28.964694274680262,20.850061039648185,12.927816632704804,0.3766949431183007,0.5168747129714267,0.1378932893276214,0.41037275691464004
CGCNN,cgcnn_hm,matbench_jdft2d,0,16,13.074361242896073,2.726476553506679,24.82579271494747,21.513874083289966,17.800905297282608,0.1630975095400683,0.2117160484720165,40.54061126708984,0.15878789796247975
CGCNN,cgcnn_hm,matbench_jdft2d,1,16,13.550383024163065,2.6912143879457124,20.03838349405481,15.447446346390022,15.391667672993073,0.2164878720273413,0.2282413076832706,51.97197341918945,0.4281307936693976
CGCNN,cgcnn_hm,matbench_jdft2d,2,16,13.839740387494684,2.745571927292809,20.98362929200539,17.257277208677618,14.442562902255546,0.3023029311788066,0.2867520647846206,72.80427551269531,0.9189762848233601
CGCNN,cgcnn_hm,matbench_jdft2d,3,16,13.169546825749327,2.7240472375555527,25.06479818554104,21.59369876992307,17.336103706100552,0.2229343553500191,0.1467026436655548,43.3223876953125,0.22433141835992626
CGCNN,cgcnn_hm,matbench_jdft2d,4,16,13.437653618215888,2.724068263445286,22.70821560629578,17.999605298221844,15.894128501662104,0.3144609511448596,0.2038788145165862,54.86333465576172,0.49625632391078456
CGCNN,cgcnn_hm,matbench_phonons,0,16,13.918535917099383,2.711797598311557,17.15840278079508,14.811947458023326,12.849407797854711,0.4935094465808393,0.1685464952013838,69.75373077392578,0.1548484831936678
CGCNN,cgcnn_hm,matbench_phonons,1,16,13.857223396978997,2.721131979890224,17.64427139045701,14.91872991806188,11.546487083506866,0.1222841734196592,0.1602759844371851,58.97786712646485,0.005080595140131202
CGCNN,cgcnn_hm,matbench_phonons,2,16,13.796797074404896,2.7132356150853814,17.866238247800435,15.007374409836329,12.085421078566643,0.2910575451536707,0.2758126515727993,75.14537048339844,0.22978396111460178
CGCNN,cgcnn_hm,matbench_phonons,3,16,13.325078976903605,2.68495679944784,19.408548364986565,16.83888817787976,11.974628572835735,0.2508412442207205,0.2119854025561658,58.6123161315918,0.0
CGCNN,cgcnn_hm,matbench_phonons,4,16,13.627285830963013,2.7070318958202098,16.21563078707305,13.356081392365912,12.48080740227834,0.3048298006536572,0.2406918067044176,70.89582824707031,0.1707218769280476
CGCNN,cgcnn_hm,matbench_dielectric,0,16,11.762364110768118,2.6959771163121284,24.22499301899908,18.66836196977988,14.352014821920054,0.5035283865792364,0.1957353251070281,0.3584359884262085,0.10705848386716202
CGCNN,cgcnn_hm,matbench_dielectric,1,16,12.313513063330788,2.69209295852024,20.2832482445747,13.794936813913893,14.219461974579396,0.2441425378569096,0.2368358337058519,0.4826428294181824,0.5104329116072948
CGCNN,cgcnn_hm,matbench_dielectric,2,16,11.955282311951814,2.6786611781948926,23.983947364921416,18.81454889935369,17.412810324813616,0.3632158334550657,0.2062307113978518,0.5978925824165344,0.8847182793987997
CGCNN,cgcnn_hm,matbench_dielectric,3,16,10.661093643477091,2.7266919898704787,26.168238050770466,19.8101951775356,15.312389216453814,0.3630182180784173,0.3714056703428596,0.4534205496311188,0.4155305673223248
CGCNN,cgcnn_hm,matbench_dielectric,4,16,12.371186495790177,2.6212293786434984,21.29704708506318,15.552420306483569,15.358639937834704,0.2994050298188365,0.3021676176918129,0.5424823760986328,0.7047679635712636
CGCNN,cgcnn_hm,matbench_log_gvrh,0,16,14.023365169360028,2.6931414863744227,22.683736927428317,16.761727450713604,16.07558449752695,0.3771149131006082,0.3313680245571198,0.0921673476696014,0.060669478824101515
CGCNN,cgcnn_hm,matbench_log_gvrh,1,16,13.013215313274827,2.7508328341087056,25.75246956511822,19.73879579152561,15.6091375647797,0.4446641545100673,0.3999194198933584,0.1005244925618171,0.2674747793579853
CGCNN,cgcnn_hm,matbench_log_gvrh,2,16,13.876699283681308,2.7345570169965985,24.617980380591614,19.553710250975985,15.591705190437386,0.338215785226822,0.3194433621644571,0.0958474725484848,0.15173758179412497
CGCNN,cgcnn_hm,matbench_log_gvrh,3,16,13.42217989532459,2.728963587533362,27.352589369419764,21.883604384940128,18.198011894555297,0.3111169619237472,0.3623420305282544,0.0940549746155738,0.10738055813317185
CGCNN,cgcnn_hm,matbench_log_gvrh,4,16,13.634717432479729,2.709135571055166,23.46232572971301,16.771324117986236,15.837182751890742,0.3497394759530682,0.3004008953546377,0.1075275316834449,0.44077147683989387
CGCNN,cgcnn_hm,matbench_log_kvrh,0,16,14.08679973826331,2.712701442398962,21.80742178684792,16.182537111595913,15.804531291992152,0.4278013191825733,0.3296276292474828,0.0704919695854187,0.098624904415839
CGCNN,cgcnn_hm,matbench_log_kvrh,1,16,13.294265839558102,2.7180151449087813,26.88092663114573,21.60530595931028,18.135785634895917,0.3843624545975913,0.3449651681144969,0.0748661309480667,0.274263418580245
CGCNN,cgcnn_hm,matbench_log_kvrh,2,16,13.252151535512596,2.724171612409748,27.797225331093777,22.058822433199644,19.903673475949155,0.4317775289863464,0.2359253636041037,0.0701177641749382,0.0835991939218648
CGCNN,cgcnn_hm,matbench_log_kvrh,3,16,13.200165283425578,2.713191978266594,27.5416533639574,21.82008308586066,15.048998271784193,0.3429964920516933,0.3513388115658251,0.0736240297555923,0.2243885306186425
CGCNN,cgcnn_hm,matbench_log_kvrh,4,16,13.59396450929987,2.68423918803681,23.628965229926635,17.83000722946004,15.385296939424077,0.4013766599544623,0.3664738184546967,0.0706951394677162,0.10678291535581222
CGCNN,cgcnn_hm,matbench_perovskites,0,16,13.557405734794497,2.665417002210363,17.210203484487298,14.588800150312462,11.32088842851776,0.3006374705477043,0.2735627537432837,0.0519548393785953,0.20125381943488116
CGCNN,cgcnn_hm,matbench_perovskites,1,16,13.37539896689128,2.6923169197103096,16.604721745894867,13.748292378107744,10.51442435341012,0.3831228307569055,0.374796798162845,0.0515357255935668,0.18870904634189894
CGCNN,cgcnn_hm,matbench_perovskites,2,16,12.972746793189552,2.713663115496715,18.382561437879755,15.556297019323388,12.622250321190329,0.2276774894839265,0.3187946749029112,0.0495026372373104,0.12785532828658283
CGCNN,cgcnn_hm,matbench_perovskites,3,16,12.838214661205642,2.690446524616689,18.621502929004965,15.58761313151868,10.652787944878312,0.2442798419683037,0.2908223832035584,0.0523381009697914,0.21272547669970598
CGCNN,cgcnn_hm,matbench_perovskites,4,16,12.522675345393834,2.706378860530945,20.238874835438704,17.911212074210553,13.725330679733728,0.3552551567039564,0.2719766132314793,0.0497995354235172,0.13674198511040692
CGCNN,cgcnn_hm,matbench_mp_gap,0,16,13.616275005982777,2.735860284913544,28.00742888008921,24.73829264717381,18.585959490473385,0.3903183077108337,0.2644430617191149,0.3028705418109894,0.3966650012230962
CGCNN,cgcnn_hm,matbench_mp_gap,1,16,13.469986311730976,2.725436901962693,27.80943153519698,23.7690406906514,21.74218774616422,0.3608949808506349,0.3467433766025423,0.287204384803772,0.27524030548993494
CGCNN,cgcnn_hm,matbench_mp_gap,2,16,13.533413849351955,2.7444876527765354,28.18082455347429,25.302464594526697,19.873171672842584,0.4789369307918703,0.2087742653720297,0.2875267565250397,0.2777389328271863
CGCNN,cgcnn_hm,matbench_mp_gap,3,16,13.42131740429877,2.679583379823648,28.16898562975837,25.166485511790125,20.26199483498479,0.2894162907573726,0.2334137754185566,0.2895867228507995,0.29370524697881334
CGCNN,cgcnn_hm,matbench_mp_gap,4,16,13.233355721684193,2.734683350244953,29.61100596283534,25.94322990690849,17.825029859737086,0.500510332577776,0.3054101361542117,0.302773118019104,0.39590989234212415
CGCNN,cgcnn_hm,matbench_mp_e_form,0,16,12.237265678350624,2.7143744522405653,31.101043824121607,23.30752967030416,22.44069976572787,0.4547235775481194,0.4267422335136466,0.101807877421379,0.10046811047760439
CGCNN,cgcnn_hm,matbench_mp_e_form,1,16,13.031914274288392,2.695570302454542,25.27196104378804,17.19497497450383,16.24466877177206,0.34760543156696,0.41525483199685,0.1303154528141021,0.34529363985809863
CGCNN,cgcnn_hm,matbench_mp_e_form,2,16,12.659823378477643,2.688757385329869,26.70627717719156,18.813376728420536,18.37421619214314,0.3627946452683153,0.4348427313782788,0.1175514012575149,0.23567485831208657
CGCNN,cgcnn_hm,matbench_mp_e_form,3,16,11.6142204811773,2.704714624702663,35.225125960501906,29.240714622958933,18.84396346314477,0.3835366390976497,0.3715526874344636,0.115722045302391,0.21996419074500564
CGCNN,cgcnn_hm,matbench_mp_e_form,4,16,12.531592233589851,2.6615455991078045,28.00251680877208,19.46001594788876,18.61237723295992,0.3515704154002026,0.4188658192339369,0.1036972925066948,0.11669457106253396
CGCNN,cgcnn_hm,matbench_jdft2d,0,32,23.59802546581945,3.3926159126246223,22.21899241206271,18.19944358951077,17.437096445677554,0.2711556366882248,0.1824767348943922,37.70469284057617,0.09196869734381141
CGCNN,cgcnn_hm,matbench_jdft2d,1,32,23.17534757219769,3.4045837051357286,21.26590562843933,17.198780136638177,16.739825548412046,0.2441977937433701,0.2668548357067453,54.598262786865234,0.49001076683813855
CGCNN,cgcnn_hm,matbench_jdft2d,2,32,23.646177994569545,3.420573458844878,21.57149703161576,18.1745648685168,15.79509522518577,0.2800280651139208,0.2390182556041984,74.50220489501953,0.9589824722274628
CGCNN,cgcnn_hm,matbench_jdft2d,3,32,24.302513205983512,3.4065816673746654,20.130951846091147,16.74187482505082,16.74386667469471,0.3603823469595281,0.2643192824166288,38.75045394897461,0.11660865900419645
CGCNN,cgcnn_hm,matbench_jdft2d,4,32,24.10372943074342,3.418429169022056,20.79728378140944,17.146837221659794,16.77033028191668,0.3247688168978344,0.2531439323817582,52.909271240234375,0.4502151704830265
CGCNN,cgcnn_hm,matbench_phonons,0,32,23.83166101952973,3.418992775988101,17.889736312124946,16.033680653591475,13.34237416651098,0.2985777613594385,0.1502974513657334,87.29473876953125,0.39864144566782067
CGCNN,cgcnn_hm,matbench_phonons,1,32,24.33124097946865,3.3901229180411634,17.551025752276512,15.872799491693536,13.516977266235635,0.3339137017411052,0.1966584373236558,64.32543182373047,0.0794034983561377
CGCNN,cgcnn_hm,matbench_phonons,2,32,24.390658113371924,3.4186167951404327,16.54949513669513,14.73850475263364,13.394884531466934,0.2581930268908769,0.2028789190666796,72.41483306884766,0.19183370160804306
CGCNN,cgcnn_hm,matbench_phonons,3,32,23.70357014580509,3.409431671099295,17.35531160500139,15.22986502071558,12.401555208347933,0.3097921217469295,0.1918028560475934,59.64535903930664,0.014357703439723079
CGCNN,cgcnn_hm,matbench_phonons,4,32,23.032472866752183,3.4272975396449743,19.91980028106033,17.906584894251466,13.360111630668332,0.2806284085813069,0.1777788902376412,62.81674957275391,0.05843514149261572
CGCNN,cgcnn_hm,matbench_dielectric,0,32,23.07631294872972,3.3873634724529635,21.27204425388248,16.87806012412513,15.726808830676871,0.347908317266241,0.2466990078298427,0.3764285445213318,0.1654911511863605
CGCNN,cgcnn_hm,matbench_dielectric,1,32,20.83539274036815,3.4113385024005742,23.23288904067634,18.93244130599255,17.24593426325893,0.3683271044348553,0.2936411829257304,0.4488938748836517,0.40082972780944126
CGCNN,cgcnn_hm,matbench_dielectric,2,32,18.843153496932587,3.3644760734871664,23.92990498551312,19.588363447282056,16.83918883462108,0.2812295568873081,0.2237822515610719,0.5643787980079651,0.7758788346528666
CGCNN,cgcnn_hm,matbench_dielectric,3,32,17.262094261752015,3.3710063804110666,23.367706915106343,17.6084247956808,15.23340493653386,0.2586212214002793,0.2610898553273064,0.4551479816436767,0.42114057957254025
CGCNN,cgcnn_hm,matbench_dielectric,4,32,20.73082270859446,3.345124512480159,22.1135593401564,17.898073387600242,16.214625225412554,0.3510968058456666,0.3013525105451218,0.4462446868419647,0.39222621851996076
CGCNN,cgcnn_hm,matbench_log_gvrh,0,32,24.869717576174097,3.4095457397906697,23.71254348759366,18.904773544765277,18.104370543986647,0.351942221354675,0.2918545632107278,0.0901184454560279,0.009967493456193594
CGCNN,cgcnn_hm,matbench_log_gvrh,1,32,24.7587581834313,3.426033892150937,24.16868607532118,19.69172536980167,16.738691451606343,0.4635611515614734,0.1927079122072129,0.1001877337694168,0.25914137073961346
CGCNN,cgcnn_hm,matbench_log_gvrh,2,32,24.26948348369389,3.3995060189210813,23.728447028962,18.402968331922004,17.981469204820353,0.3654385493103845,0.3495967807445212,0.0954529345035553,0.1419743719890997
CGCNN,cgcnn_hm,matbench_log_gvrh,3,32,24.88709694801472,3.4073103068821537,24.428867550140804,19.4134954337881,17.30120144490645,0.4765678619064268,0.2919532329681101,0.089715652167797,0.0
CGCNN,cgcnn_hm,matbench_log_gvrh,4,32,24.671180194005107,3.4106975633949963,23.329575529774573,18.026619128462187,18.566761894727357,0.3354515540279498,0.3272627016185842,0.1015736013650894,0.29343594960831343
CGCNN,cgcnn_hm,matbench_log_kvrh,0,32,24.75189826575254,3.41939730309549,23.4167228736202,18.536549926590407,18.79604707842824,0.3257967190687334,0.2897290544219301,0.0680769085884094,0.0016514071065541396
CGCNN,cgcnn_hm,matbench_log_kvrh,1,32,24.50428859429369,3.4044680324968657,23.94048538390545,19.1046455035126,16.01698435033155,0.3031667980431165,0.2314784565441171,0.0768155977129936,0.3525416112707339
CGCNN,cgcnn_hm,matbench_log_kvrh,2,32,24.113067669810725,3.4064801077328286,23.468620843727447,18.661048965700804,17.247444092159913,0.343560157414129,0.3014309537158184,0.0709826275706291,0.11832661003217834
CGCNN,cgcnn_hm,matbench_log_kvrh,3,32,24.313878709356903,3.402965609768077,24.375493046423543,19.548806820597864,18.632142395571712,0.390139335476956,0.2953152391139211,0.0738107189536094,0.23188478204417673
CGCNN,cgcnn_hm,matbench_log_kvrh,4,32,24.62143973143735,3.4032009455558723,23.242809066175077,18.4471254075256,17.59913843821756,0.5439845164512705,0.2199728546042215,0.0740114077925682,0.2399431700554426
CGCNN,cgcnn_hm,matbench_perovskites,0,32,23.76125030381608,3.416449369737037,16.39765603896543,14.701610496350469,11.012714159323847,0.2481730078337218,0.2339887828837497,0.0495476648211479,0.12920307880766913
CGCNN,cgcnn_hm,matbench_perovskites,1,32,23.34460091562564,3.394593150776387,16.72514851986695,14.98309128734951,12.602089920591489,0.2122447655573549,0.2296831468588945,0.0476473048329353,0.07232214170012839
CGCNN,cgcnn_hm,matbench_perovskites,2,32,23.47917370025631,3.4074319188067745,16.869646860147444,15.114581900732794,12.057623439759132,0.274594359357305,0.2829676181576498,0.0466151684522628,0.04142858210110939
CGCNN,cgcnn_hm,matbench_perovskites,3,32,23.90206284576423,3.4061487342631285,15.25811688320942,13.373561795356892,11.260831787417104,0.2264073834417464,0.2129873246853879,0.0464304350316524,0.03589920338098371
CGCNN,cgcnn_hm,matbench_perovskites,4,32,23.80692203019633,3.390497872469129,16.134508516552003,14.465700609907133,11.337811655895685,0.2998540301735634,0.2686729330806526,0.0474678054451942,0.06694942629448226
CGCNN,cgcnn_hm,matbench_mp_gap,0,32,24.01226541407598,3.4300495904768207,31.30362416615692,29.001647282767976,23.58712778711866,0.2200559549349492,0.2158618786769579,0.2631641626358032,0.08891020163878724
CGCNN,cgcnn_hm,matbench_mp_gap,1,32,23.296816218726686,3.426191387473485,32.448107804611794,29.967925424584884,26.89083436806069,0.2873051507426151,0.2566931351715463,0.2607309818267822,0.07005118986818973
CGCNN,cgcnn_hm,matbench_mp_gap,2,32,23.345059808619613,3.435306588542204,33.41083735817027,31.231991681925084,25.16742211776253,0.1744667055696038,0.1769884777666134,0.2616067826747894,0.07683931611019788
CGCNN,cgcnn_hm,matbench_mp_gap,3,32,25.270230846951243,3.437136660798528,27.39680648579045,24.941231671738517,22.81510804514384,0.2507250520812058,0.1348038505254142,0.2707482874393463,0.14769296797058656
CGCNN,cgcnn_hm,matbench_mp_gap,4,32,24.237710556377024,3.421651982385777,30.01617959857076,27.794462804610514,22.571286405711383,0.2646080227298217,0.1621007671140835,0.2766726016998291,0.19361093344069785
CGCNN,cgcnn_hm,matbench_mp_e_form,0,32,21.91652488435428,3.3572798830286823,27.48084374010009,20.672549022207768,18.875269137943494,0.3787346995257324,0.3440805292583085,0.1076112389564514,0.15030788255352695
CGCNN,cgcnn_hm,matbench_mp_e_form,1,32,22.93943140556244,3.390838991246843,26.98704721381788,20.175635312995137,19.94442806759544,0.2617085074083832,0.3536453621178377,0.1038245782256126,0.11778771185361586
CGCNN,cgcnn_hm,matbench_mp_e_form,2,32,22.991798549503347,3.396657011224555,25.396926672728497,18.764146796247825,18.99965751985954,0.3357305023908273,0.3667051784671459,0.0901093333959579,0.0
CGCNN,cgcnn_hm,matbench_mp_e_form,3,32,22.72581727591139,3.362699607570361,27.67385517270363,21.16379514684084,20.207252637368065,0.4277549241987364,0.336935957095503,0.1211792975664138,0.266831546389826
CGCNN,cgcnn_hm,matbench_mp_e_form,4,32,22.54660527666721,3.4026849798506067,28.3967256402178,21.911128314891,18.95128014549633,0.356317426191116,0.2844114618932864,0.0904845893383026,0.003222730571508628
CGCNN,cgcnn_hm,matbench_jdft2d,0,64,34.48255996469578,4.117210918768169,22.20516741730408,18.45854754337617,18.17417973258209,0.2575147149952283,0.2161180999325888,33.92523956298828,0.002918164570028894
CGCNN,cgcnn_hm,matbench_jdft2d,1,64,35.85877195557357,4.117469594510158,20.277496759610106,16.938320911487153,17.744425133077158,0.2158076904655547,0.2031703350609645,52.0474739074707,0.4299097172893813
CGCNN,cgcnn_hm,matbench_jdft2d,2,64,34.005198722295084,4.119792313977227,21.31617276433721,17.990267103053373,17.142102772211746,0.482592395641818,0.2695851081793126,72.41779327392578,0.90987008698408
CGCNN,cgcnn_hm,matbench_jdft2d,3,64,34.36923790071116,4.123974675839188,21.13356254329861,18.13390585494552,18.017507270292224,0.3753686857710577,0.282207851522731,38.30324172973633,0.10607155655547106
CGCNN,cgcnn_hm,matbench_jdft2d,4,64,35.33290082452668,4.104191747802247,20.99419054249618,17.177347232369815,16.110993041808964,0.3716252367402328,0.2237199855471035,58.40584182739258,0.5797239918032175
CGCNN,cgcnn_hm,matbench_phonons,0,64,33.09358375066019,4.127895202980646,17.643360494832336,15.918570391083108,14.358818687146616,0.2515888552197581,0.1946691426597376,97.8459701538086,0.5452872916515674
CGCNN,cgcnn_hm,matbench_phonons,1,64,33.16004808417402,4.1228363233932654,18.18380973622109,16.589024574381316,15.486251255715349,0.2596460134601106,0.1736306457388866,64.89634704589844,0.08733833957899036
CGCNN,cgcnn_hm,matbench_phonons,2,64,33.48625778096185,4.12421573220697,17.172054839521156,15.713818025132111,12.960689749164745,0.2584964905799778,0.1374944894703442,78.0185546875,0.2697167910310665
CGCNN,cgcnn_hm,matbench_phonons,3,64,32.99856961819926,4.109227791918826,17.86799189284188,16.024960658903588,13.858679322392517,0.3028946128699161,0.197304641618497,63.44304656982422,0.06713970398655496
CGCNN,cgcnn_hm,matbench_phonons,4,64,33.699995544737526,4.129326775822951,17.372417576417597,15.993004824243824,14.104637883465257,0.1768811843215463,0.1555172382395885,71.51718139648438,0.17935772756309945
CGCNN,cgcnn_hm,matbench_dielectric,0,64,33.99003238401224,4.103336135422376,20.740949253334403,16.196536206545858,17.114515144672897,0.2582272876478087,0.2311230001084815,0.3491156101226806,0.07678960145713395
CGCNN,cgcnn_hm,matbench_dielectric,1,64,28.7178823049236,4.090867654093034,21.19865228144961,16.37618785277407,17.047233801356935,0.3940993142896913,0.3007842984613583,0.5096032619476318,0.5979896754404228
CGCNN,cgcnn_hm,matbench_dielectric,2,64,30.720742017087797,4.092887026603696,20.63963469210649,16.403134031998125,16.8374970543988,0.3626229894812623,0.2635042546120673,0.5244090557098389,0.6460730059427628
CGCNN,cgcnn_hm,matbench_dielectric,3,64,25.47306239670875,4.038303727449089,20.88659191068821,16.44986785263963,16.114479214879672,0.2892650376189766,0.2318101794509575,0.4297001361846924,0.33849609705244743
CGCNN,cgcnn_hm,matbench_dielectric,4,64,30.98676129774448,4.0783109821362125,20.558527657874546,16.22579717912796,16.60514933940133,0.3920267536038713,0.2696793797429102,0.492297887802124,0.541788701830409
CGCNN,cgcnn_hm,matbench_log_gvrh,0,64,34.47269099450089,4.094042243678408,25.05991285024437,19.80578825139792,20.174937370494167,0.4000999577101995,0.3443651060801528,0.1008956581354141,0.2766596156849294
CGCNN,cgcnn_hm,matbench_log_gvrh,1,64,36.21348135289836,4.107764698144656,24.434754936462404,20.327599820236365,19.65183139729077,0.3756730396675885,0.291069743339871,0.1054700314998626,0.389856726730608
CGCNN,cgcnn_hm,matbench_log_gvrh,2,64,36.95472903140905,4.128984625718344,24.26582607137924,20.63686153940212,18.73890730946269,0.3961088555694014,0.1891927020460135,0.0936792120337486,0.09808196457448749
CGCNN,cgcnn_hm,matbench_log_gvrh,3,64,35.92297170227803,4.098399398990851,24.50400834672844,20.31109462245261,20.33345748198062,0.4095952371747787,0.2799447825695027,0.0934744924306869,0.09301598814564897
CGCNN,cgcnn_hm,matbench_log_gvrh,4,64,36.16551847140809,4.109590985116252,24.335562600901188,20.08451346923964,19.28674507178616,0.3637479595168136,0.2286227295131029,0.0962209850549697,0.16098049515185842
CGCNN,cgcnn_hm,matbench_log_kvrh,0,64,36.28413791480239,4.122156285693965,23.842177753415147,20.140113571031826,19.941874805575445,0.410475160545253,0.2651548040620082,0.0692549422383308,0.0489537498309686
CGCNN,cgcnn_hm,matbench_log_kvrh,1,64,35.348251209996235,4.103097577325245,25.7508452672175,21.6898129602362,20.840732140283095,0.3876283197562752,0.2418032076059087,0.0744673013687133,0.25824895799801345
CGCNN,cgcnn_hm,matbench_log_kvrh,2,64,36.429918287388574,4.1247315455184745,23.351501802826466,19.3552945094786,18.42086076382054,0.3365022234393542,0.2583980569924583,0.0680357813835144,0.0
CGCNN,cgcnn_hm,matbench_log_kvrh,3,64,36.06925397310216,4.1022543639700375,23.75123669812965,19.607589584893287,19.41860703792043,0.4050059626696681,0.2278029566756703,0.0749115273356437,0.27608624892448935
CGCNN,cgcnn_hm,matbench_log_kvrh,4,64,35.00980503709569,4.101103316266048,24.944540980800426,20.50941494830504,19.01121553436275,0.3489128503683052,0.154902124356862,0.0741051062941551,0.24370550624602824
CGCNN,cgcnn_hm,matbench_perovskites,0,64,32.52146263472362,4.110087666600268,15.223380381668289,13.78412282531064,12.221365822389291,0.198283402580363,0.1977357289836439,0.0479119978845119,0.0802448452473088
CGCNN,cgcnn_hm,matbench_perovskites,1,64,31.930299567864527,4.104581800017709,15.78132149372018,14.511046382226366,12.67358506394619,0.2492247994872416,0.1738072533571098,0.0478617772459983,0.07874165795726308
CGCNN,cgcnn_hm,matbench_perovskites,2,64,31.682661781942265,4.114690973836063,16.926468268266937,15.727874038006068,12.74706352528545,0.3058301469984,0.2351898681626156,0.0452310629189014,0.0
CGCNN,cgcnn_hm,matbench_perovskites,3,64,31.690528646203315,4.118325006078067,16.903979466875157,15.636911581433948,13.941988438537502,0.2416642003924484,0.1904365787122926,0.0453768968582153,0.004365052506741473
CGCNN,cgcnn_hm,matbench_perovskites,4,64,30.732737089874423,4.128561020194653,17.878162335119296,16.700023238302336,13.64839446710934,0.2276075142754682,0.0993827503287188,0.0457403883337974,0.015244957308967641
CGCNN,cgcnn_hm,matbench_mp_gap,0,64,29.561076273894862,4.127075325720924,39.28711821031466,37.54144912094239,33.92204929650097,0.2228403525954946,0.1681759764916453,0.2516930103302002,0.0
CGCNN,cgcnn_hm,matbench_mp_gap,1,64,29.9016121602254,4.123308162497047,37.601616398925216,35.813983510610804,32.9800184320923,0.1761895334257242,0.1306260363696965,0.2531798481941223,0.011524130337013248
CGCNN,cgcnn_hm,matbench_mp_gap,2,64,28.53604737807853,4.121653772494407,40.16462980699635,38.46080563103235,35.664416526962874,0.3330308410600381,0.1747610725492615,0.2520661652088165,0.002892235637396701
CGCNN,cgcnn_hm,matbench_mp_gap,3,64,30.87002799038352,4.116117297455156,37.36547263924159,35.603300516005675,32.82130009792821,0.1902624033265933,0.1238059099923945,0.2536015510559082,0.014792649965570823
CGCNN,cgcnn_hm,matbench_mp_gap,4,64,27.834989554625167,4.114176891215141,41.86215919754122,40.42479065429662,36.66328031648203,0.3247457627118644,0.1815136696908729,0.2613639235496521,0.0749569721912502
CGCNN,cgcnn_hm,matbench_mp_e_form,0,64,33.31484393257938,4.01920555597891,26.732146532831745,20.8162188792972,20.162418225916383,0.3866366643304191,0.3155591248561784,0.1155958324670791,0.21888026397136154
CGCNN,cgcnn_hm,matbench_mp_e_form,1,64,32.880772776098226,4.0479635214097645,26.32019680598328,20.170264479834703,20.53278721169449,0.2874262207118583,0.3210067128357595,0.1238817125558853,0.29004012064732076
CGCNN,cgcnn_hm,matbench_mp_e_form,2,64,33.29442633316646,4.084731106026688,27.92458723594881,22.61756016288568,21.829431734511253,0.3349311393310678,0.3115822758694658,0.09806489944458,0.06832309105714306
CGCNN,cgcnn_hm,matbench_mp_e_form,3,64,33.531797242105256,4.039669025974604,27.677203198498237,22.280820672469943,21.66699886909208,0.3003150068230222,0.2992737720499798,0.1021959111094474,0.10380057743735359
CGCNN,cgcnn_hm,matbench_mp_e_form,4,64,32.81976082264933,4.115874301917863,31.2540875499118,26.32251836727612,25.621025770649545,0.3164240950211687,0.2834083471757219,0.0974916368722915,0.06339986237841151