Model,Method,Task,Fold,Dimension,Effective_Rank,Embedding_Entropy,Spectral_Radius,Spectral_Gap,Fiedler_Value,ARI,Silhouette,MAE
CGCNN,cgcnn_emb,matbench_jdft2d,0,8,7.895121661338838,2.0681905691796327,16.91929694652873,14.030536577910256,14.031352392390819,-0.0067255827462131814,0.18096100078412294,47.5090217590332
CGCNN,cgcnn_emb,matbench_jdft2d,1,8,7.905497550241696,2.0725907386910536,16.80985036487578,14.181494143149592,13.82172064415735,-0.002006608783962986,0.027665225628486834,60.2819938659668
CGCNN,cgcnn_emb,matbench_jdft2d,2,8,7.87154767007538,2.0711049297673583,16.76817660977174,13.973915993943674,13.672243687282421,0.020818486203332928,0.18213705684708031,76.24305725097656
CGCNN,cgcnn_emb,matbench_jdft2d,3,8,7.910260689720813,2.0674803225302503,16.42227579041985,14.027345306966616,13.866406833265698,-0.009278608697097953,0.17711026322199583,43.12605667114258
CGCNN,cgcnn_emb,matbench_jdft2d,4,8,7.886378203073128,2.072898408013762,17.012674464009624,14.014573091908149,13.917267244907826,0.002019227105901477,0.09566015496791037,56.84969329833984
CGCNN,cgcnn_emb,matbench_phonons,0,8,7.835317515417504,2.057790688247293,13.881101893946282,11.595427349615768,11.290859749170556,-0.015027256620710382,0.1037737593750538,120.85586547851562
CGCNN,cgcnn_emb,matbench_phonons,1,8,7.915797804301418,2.063131585114398,14.058819115750055,11.822660546002796,11.761294062572157,-0.04443603330809993,0.1413103953787298,95.01361083984376
CGCNN,cgcnn_emb,matbench_phonons,2,8,7.860147645606931,2.0728731438465964,13.963944093930111,11.215740009102474,11.042371053338995,0.005904509823882724,0.1926917101911922,107.58792877197266
CGCNN,cgcnn_emb,matbench_phonons,3,8,7.841739729630275,2.0690155964206993,13.901478748058738,11.728077990412839,11.639978706277585,-0.00842273080875503,0.16730582197995686,106.3216552734375
CGCNN,cgcnn_emb,matbench_phonons,4,8,7.850655576140091,2.0723283718145242,13.982073053958473,11.696070901506227,11.64237997666787,0.0018627019338232804,0.2072472327521288,83.64874267578125
CGCNN,cgcnn_emb,matbench_dielectric,0,8,7.879740006434417,2.0653622184727674,17.600957738211598,14.551304327142418,14.522950023218053,0.012282601263649526,0.1422095722761118,0.416130393743515
CGCNN,cgcnn_emb,matbench_dielectric,1,8,7.881111219637887,2.0689318229334392,17.37970236467581,14.143527728682157,13.997116490399348,-0.0048476392644213225,0.23409068007279868,0.4816587567329407
CGCNN,cgcnn_emb,matbench_dielectric,2,8,7.835435981975639,2.0621921229559463,17.50514035366723,14.691484341343905,14.559412870260482,-0.00843710451072606,0.19838125733837658,0.6333900690078735
CGCNN,cgcnn_emb,matbench_dielectric,3,8,7.908503337712247,2.069906815428853,17.62850770985821,14.610897915872311,14.513688851416715,-0.007099180457689071,0.22529312035344176,0.4796147644519806
CGCNN,cgcnn_emb,matbench_dielectric,4,8,7.895979721122222,2.072206907512529,17.38361034673798,14.248199006180473,14.320680823489813,-0.007196958266694831,0.16077622636021127,0.5495129823684692
CGCNN,cgcnn_emb,matbench_log_gvrh,0,8,7.8809423296015915,2.0748332295349368,18.68797281518264,15.557500985377409,15.327232468269155,-0.004943650760400519,0.1653965313678615,0.1072946935892105
CGCNN,cgcnn_emb,matbench_log_gvrh,1,8,7.8955187094596155,2.0677285003636294,18.42510167897067,15.078688175561105,15.180358282490952,0.02996350416790923,0.20033053107611734,0.130126342177391
CGCNN,cgcnn_emb,matbench_log_gvrh,2,8,7.90050646590924,2.0648017311780427,18.496665796330767,15.466813032137328,15.347177601910568,-0.006144714291685826,0.15433509211502172,0.1216098889708519
CGCNN,cgcnn_emb,matbench_log_gvrh,3,8,7.916843856497686,2.0738278812632664,18.581370425961413,15.639656561304228,15.523516049859218,-0.0030076202036550003,0.09100772720686541,0.1138070821762085
CGCNN,cgcnn_emb,matbench_log_gvrh,4,8,7.9144057680518,2.0727006041935745,18.427598686606828,15.531780544110505,15.508002170171727,0.02013647590739733,0.17599944603331655,0.1131841763854026
CGCNN,cgcnn_emb,matbench_log_kvrh,0,8,7.882963932293324,2.070086825322187,18.612640449756025,15.361126358030964,15.294220731711036,-0.019218638294293284,0.22779573417255858,0.090876817703247
CGCNN,cgcnn_emb,matbench_log_kvrh,1,8,7.892168975554052,2.0762945621806503,18.509692533735475,14.893922981985233,14.887905316696822,0.011533592108741322,0.23936346958544177,0.0929401218891143
CGCNN,cgcnn_emb,matbench_log_kvrh,2,8,7.897247756305571,2.0688435713871933,18.46327885881987,15.475683792361885,15.393950462766213,0.025112755317554403,0.16403830169541025,0.0866594761610031
CGCNN,cgcnn_emb,matbench_log_kvrh,3,8,7.955632669131802,2.076777800902752,18.422374551219203,15.525265202506404,15.50107366412129,0.0018907008104989504,0.20791616663000553,0.0883557051420211
CGCNN,cgcnn_emb,matbench_log_kvrh,4,8,7.921287801607825,2.0701843317174937,18.487388276045046,15.556573965243782,15.462313432357723,0.059584879954400746,0.15377617674670369,0.0895930007100105
CGCNN,cgcnn_emb,matbench_perovskites,0,8,7.860741627085157,2.062720999530205,12.40994253209182,10.51479850366754,10.120869400032966,0.03502619239145363,0.21234201421655108,0.0697182491421699
CGCNN,cgcnn_emb,matbench_perovskites,1,8,7.7822057861393645,2.05929053203989,12.278265509013933,10.038085166563139,10.040720715739576,0.01021209740769835,0.1776289985758763,0.0786404982209205
CGCNN,cgcnn_emb,matbench_perovskites,2,8,7.888712244927677,2.070243474697869,12.244518469186106,10.131752065860043,10.050850317624091,0.042505303525818786,0.24821629529202566,0.0700287371873855
CGCNN,cgcnn_emb,matbench_perovskites,3,8,7.872536526804887,2.0657496137976095,12.183857050143905,10.134838454877794,10.102552187342521,0.0549609967170982,0.19330567702921447,0.0761086791753768
CGCNN,cgcnn_emb,matbench_perovskites,4,8,7.8578845820755046,2.0655179572762274,12.260728359620467,10.178263008558234,9.939557840545637,0.02716126776694113,0.14870888302237598,0.0780360549688339
CGCNN,cgcnn_emb,matbench_mp_gap,0,8,7.891124178537116,2.067513733299864,18.56254617236729,15.66974800624793,15.384630312859745,0.07195260700694417,0.19771243501273608,0.3424437344074249
CGCNN,cgcnn_emb,matbench_mp_gap,1,8,7.862160113454477,2.0690167769340198,18.761194374014483,15.381048951707506,15.12498313781564,0.00528484041446465,0.15373284241192778,0.3417320251464844
CGCNN,cgcnn_emb,matbench_mp_gap,2,8,7.856245425750366,2.067007146674767,18.569892800954392,15.089041300655577,15.178770328756077,0.03638745260255084,0.23311807283353034,0.3622309863567352
CGCNN,cgcnn_emb,matbench_mp_gap,3,8,7.916638489484063,2.066858311764777,18.361391595057377,15.235206025131266,15.260471869914495,0.018438593017884246,0.06481484951531039,0.3807125389575958
CGCNN,cgcnn_emb,matbench_mp_gap,4,8,7.890077230193091,2.072759545116868,18.890176470446587,15.63385788068856,15.357166468636969,0.08302948366039849,0.2644465318273583,0.3407089114189148
CGCNN,cgcnn_emb,matbench_mp_e_form,0,8,7.897892003301738,2.06793446802583,18.478754170170227,15.384961889642652,15.296802273404156,-0.0033028764805414553,0.14597237615979555,0.2065497040748596
CGCNN,cgcnn_emb,matbench_mp_e_form,1,8,7.872327151395502,2.065717301917234,18.66281690103407,15.427627784592662,15.243340190350873,0.010487934778155598,0.13181113811587902,0.176656037569046
CGCNN,cgcnn_emb,matbench_mp_e_form,2,8,7.883526760640018,2.0633601822619543,18.46646697183403,15.177949385449775,15.23655312928126,0.0040330024567233275,0.21987488216194664,0.2023722380399704
CGCNN,cgcnn_emb,matbench_mp_e_form,3,8,7.9172443303908056,2.0693544030612,18.41775304437195,15.176235158404275,15.2635702635247,0.06492412576828417,0.2388418467290725,0.2021406292915344
CGCNN,cgcnn_emb,matbench_mp_e_form,4,8,7.894307208762164,2.062109757173001,18.757661251264366,15.662324007691561,15.04326897737079,0.06786299508412934,0.17017495729109008,0.1415694653987884
CGCNN,cgcnn_emb,matbench_jdft2d,0,16,15.46912291345995,2.756527206812529,16.448541276444654,14.776156628253645,14.606508537800305,0.005023335480365451,0.09620532559357388,33.801387786865234
CGCNN,cgcnn_emb,matbench_jdft2d,1,16,15.58171242677656,2.760486778769577,16.245280879711196,14.83569757800513,14.517764645589244,0.005835836707585152,0.08944262738321347,60.42766571044922
CGCNN,cgcnn_emb,matbench_jdft2d,2,16,15.528933233601142,2.7627190670619695,16.20870972117711,14.90176482108653,14.551098089737422,0.025294260615950834,0.07460424867332432,75.69554138183594
CGCNN,cgcnn_emb,matbench_jdft2d,3,16,15.483695562649794,2.7604092573782006,16.017863741806984,14.538904628126886,14.361877668606725,0.0062764726162332545,0.06554021833840894,40.55635452270508
CGCNN,cgcnn_emb,matbench_jdft2d,4,16,15.556837202729474,2.7626309701688507,16.353882854681572,14.821698112034884,14.485262397381788,0.020330214001268183,0.10458072981617147,55.61809539794922
CGCNN,cgcnn_emb,matbench_phonons,0,16,15.337300490936226,2.7535754742432346,13.235120860475627,11.818722832315327,11.721626027324035,-0.017135499207606972,0.06688826892845524,130.562744140625
CGCNN,cgcnn_emb,matbench_phonons,1,16,15.500015190548261,2.760165057453311,13.567216505400204,12.345865490392619,12.186144185286967,0.0004483299708585519,0.06792779718194963,74.40170288085938
CGCNN,cgcnn_emb,matbench_phonons,2,16,15.459318542684287,2.7642324241586076,13.271643747567339,12.092819862336702,12.012306780470938,0.018373729476153244,0.07727814821706709,99.0715789794922
CGCNN,cgcnn_emb,matbench_phonons,3,16,15.501647258639753,2.7633556281594016,13.637716065126703,12.236797889960055,12.073841069686697,-0.03721138758125981,0.06446943347849166,89.39512634277344
CGCNN,cgcnn_emb,matbench_phonons,4,16,15.466223260751097,2.7454767078221414,13.493780760075275,12.192854557730398,12.117743355118257,-0.012915761801348725,0.10721329639735348,97.2642822265625
CGCNN,cgcnn_emb,matbench_dielectric,0,16,15.461506661306245,2.7641606064685895,17.042223328354854,15.460834741055665,15.348912061559915,0.008435790952995282,0.061190167257406426,0.3809032738208771
CGCNN,cgcnn_emb,matbench_dielectric,1,16,15.565857735239067,2.758823519556399,16.77951745458497,15.120443883986066,14.879259195714845,-0.0037487133002504264,0.08981955810222639,0.494316041469574
CGCNN,cgcnn_emb,matbench_dielectric,2,16,15.52185392878673,2.7611326748795255,17.141767436589067,15.5289860318306,15.232018383189454,-0.0018252229946354316,0.12295482395350446,0.5793142318725586
CGCNN,cgcnn_emb,matbench_dielectric,3,16,15.64032497131875,2.7650040930487743,17.029095188376555,15.444001716664005,15.160916425046597,0.010395686919379324,0.14253296854275152,0.5216547250747681
CGCNN,cgcnn_emb,matbench_dielectric,4,16,15.54292761293196,2.7603963848888857,16.90055792126007,15.426643892676276,15.011213701391332,0.027854621768577698,0.07655252665428941,0.5217497944831848
CGCNN,cgcnn_emb,matbench_log_gvrh,0,16,15.553024938931603,2.7579884431967487,17.932024640446908,16.12195164518632,16.014226241765126,0.019130390392689867,0.01230280692868315,0.1119535788893699
CGCNN,cgcnn_emb,matbench_log_gvrh,1,16,15.586895846886572,2.764612900301468,17.921233981994074,16.318298566635566,16.157047825638404,-0.01738457498998107,0.09685176300690294,0.111732006072998
CGCNN,cgcnn_emb,matbench_log_gvrh,2,16,15.53867213813151,2.761609823756563,17.88447447754379,16.320004637536996,15.986124307014615,-0.017575733107244272,0.07133213874306427,0.1137584596872329
CGCNN,cgcnn_emb,matbench_log_gvrh,3,16,15.59239461157992,2.761588401022138,17.850075411575318,16.21070669219766,16.009517226682938,0.025440313111545987,0.03577840680957589,0.1262623965740203
CGCNN,cgcnn_emb,matbench_log_gvrh,4,16,15.6023070430152,2.7652586994922532,17.80670405903827,16.191408465133303,16.029700072890332,0.0009097907481279305,0.09820281561787063,0.1158003658056259
CGCNN,cgcnn_emb,matbench_log_kvrh,0,16,15.633300452433241,2.766657503938396,17.789622350081093,16.139555328361627,16.12795935350849,-0.016853857198448802,0.04969332439892444,0.083310067653656
CGCNN,cgcnn_emb,matbench_log_kvrh,1,16,15.541425877541593,2.760005045180403,17.917004940270562,16.204379456249306,16.074414270251953,0.0036301684031190616,0.06240030399108791,0.0862595736980438
CGCNN,cgcnn_emb,matbench_log_kvrh,2,16,15.591652350361661,2.753855989913627,17.918340679150955,16.349856595734323,16.13594605158698,0.016819876105959912,0.051346300206927875,0.0844942256808281
CGCNN,cgcnn_emb,matbench_log_kvrh,3,16,15.565473571160576,2.7587659358274674,17.80052553165487,16.01977118316301,15.927226096896023,-0.021091508062129227,0.033355793949821494,0.0883329510688781
CGCNN,cgcnn_emb,matbench_log_kvrh,4,16,15.640195939360604,2.7512739553259618,17.925860218921557,16.535843472599055,16.240557588653996,-0.026901632005209394,0.04346938274558029,0.0871691480278968
CGCNN,cgcnn_emb,matbench_perovskites,0,16,15.55492544056588,2.761148727095557,11.76638956801552,10.726097124112325,10.549615702489783,-0.026452822328681524,0.11724974590915875,0.0651943013072013
CGCNN,cgcnn_emb,matbench_perovskites,1,16,15.369346421106423,2.759749201149346,11.773259788573915,10.702799874622174,10.561024594670316,-0.024054585405342895,0.10948265709111936,0.0640009269118309
CGCNN,cgcnn_emb,matbench_perovskites,2,16,15.33152920831063,2.7619148407019942,11.895716015826135,10.807910484900393,10.451573214037849,0.01188212927756654,0.08548961936053205,0.0643138587474823
CGCNN,cgcnn_emb,matbench_perovskites,3,16,15.39667902601836,2.7591960774654094,11.798004179566757,10.73556838083423,10.516765817569663,-0.02873272021567465,0.024426032112021313,0.0627612099051475
CGCNN,cgcnn_emb,matbench_perovskites,4,16,15.504186154347977,2.7596063080380513,11.790706293867798,10.709729313243416,10.542701707918445,-0.008567937610933172,0.1102455772550109,0.0664164498448371
CGCNN,cgcnn_emb,matbench_mp_gap,0,16,15.514217333505908,2.7607967786005476,17.893060207885874,16.22991918411331,16.074193211562335,0.011465945334894425,0.10991771568717515,0.3022975027561188
CGCNN,cgcnn_emb,matbench_mp_gap,1,16,15.629255469749536,2.760571927365338,17.823075501970063,16.305507003300608,16.153590532973606,0.032314330303864866,0.08374972192965692,0.2991625666618347
CGCNN,cgcnn_emb,matbench_mp_gap,2,16,15.605541320474797,2.7570643615799826,17.767435352643403,16.046831342974,15.93422672048066,0.004244493539532704,0.08045288194219426,0.312005341053009
CGCNN,cgcnn_emb,matbench_mp_gap,3,16,15.61241864320879,2.7559144462575205,17.951659996711285,16.26572799223862,16.004061763499976,-0.007984199689036433,0.08974244830968635,0.3263181746006012
CGCNN,cgcnn_emb,matbench_mp_gap,4,16,15.614779395381749,2.761591451373514,18.0327064747136,16.303075516768395,16.068887906714632,0.0373696448212968,0.08278464750214728,0.3037856817245483
CGCNN,cgcnn_emb,matbench_mp_e_form,0,16,15.613490335837955,2.7653132693948193,17.860406817035837,16.32413152303869,16.1750603436598,0.04698577954912088,0.08607909088350445,0.1088057234883308
CGCNN,cgcnn_emb,matbench_mp_e_form,1,16,15.589240003404507,2.760316805208495,17.842780746292096,16.24091202493855,16.127719206337694,-0.012911024523230842,-0.024884455858339226,0.1544148921966552
CGCNN,cgcnn_emb,matbench_mp_e_form,2,16,15.518459086483574,2.7598713481613775,17.884136930845656,16.19755781554667,16.00672114645512,0.0024487418761333702,0.05629595474669674,0.1552591174840927
CGCNN,cgcnn_emb,matbench_mp_e_form,3,16,15.577609235287834,2.7622857675850048,17.99354577783413,16.167042704483748,15.956129826760936,0.01995067443750947,0.08783319646522472,0.1876784414052963
CGCNN,cgcnn_emb,matbench_mp_e_form,4,16,15.665836044670671,2.765166786154981,17.876094624474785,16.33750453782248,16.14500134215173,0.0006796776386056899,0.07039872837837254,0.108472928404808
CGCNN,cgcnn_emb,matbench_jdft2d,0,32,29.859923339958673,3.451382487268431,16.133167496826015,15.277434926042291,14.895883649599904,-0.03070228230174529,-0.008472307019365365,35.546417236328125
CGCNN,cgcnn_emb,matbench_jdft2d,1,32,30.039342697304956,3.444789531363197,15.799667499862464,15.01776145920442,14.871019181301714,0.02009976309942467,0.008766285729254598,60.74628448486328
CGCNN,cgcnn_emb,matbench_jdft2d,2,32,30.021692577098197,3.4488632042952543,15.840180296995245,15.090485028970047,14.889142864237106,-0.012819837843529535,-0.017102435024073416,74.09516906738281
CGCNN,cgcnn_emb,matbench_jdft2d,3,32,29.924375294490883,3.449132699437685,15.634246082136672,14.755015893522488,14.634427119093237,0.012591038748443887,0.024467512502705506,45.19647979736328
CGCNN,cgcnn_emb,matbench_jdft2d,4,32,30.214024171172134,3.4527661057329757,16.075892467156244,15.127575573361256,15.031380598015636,-0.028662671535646125,-0.005283200492272713,54.82109069824219
CGCNN,cgcnn_emb,matbench_phonons,0,32,29.285773592553454,3.4489948438480416,13.136588208220504,12.354107093788816,12.216216942708051,-0.0016473177591044025,0.031004271565870364,128.8140106201172
CGCNN,cgcnn_emb,matbench_phonons,1,32,29.78023792852145,3.4545101859940153,13.28890091550035,12.532521445719878,12.438395874459053,-0.018689128718083706,0.018468097214352473,83.5193099975586
CGCNN,cgcnn_emb,matbench_phonons,2,32,29.708556465385488,3.4476853072821187,13.153443354891907,12.5744362676523,12.36186878685285,0.014455242467158276,-0.030032537646256633,106.9537353515625
CGCNN,cgcnn_emb,matbench_phonons,3,32,29.519436190964512,3.448889462241577,13.298364752127632,12.642028516865809,12.520352821196958,-0.01009466635880859,0.011929267680338272,99.46365356445312
CGCNN,cgcnn_emb,matbench_phonons,4,32,29.62794792539845,3.450299951203194,13.266894338783404,12.535000920924626,12.533110353605005,-0.03763982375883535,0.007612517153301447,101.67054748535156
CGCNN,cgcnn_emb,matbench_dielectric,0,32,30.059529882533322,3.450170611204835,16.656711288234213,15.741973145887787,15.622659212552627,0.012249983108848068,0.02341776999409728,0.3890386521816253
CGCNN,cgcnn_emb,matbench_dielectric,1,32,30.040943000880784,3.4522897144970486,16.45244785132736,15.45150227796712,15.400427222491656,-0.0003044740598975041,0.03045592632638743,0.5022698044776917
CGCNN,cgcnn_emb,matbench_dielectric,2,32,30.08668024408979,3.456826296648207,16.683387642912678,15.858479865377118,15.686297862012466,-0.016592535841721823,0.003803353688197146,0.5623272657394409
CGCNN,cgcnn_emb,matbench_dielectric,3,32,30.081712577555113,3.4539018680651066,16.73942099444507,15.824859411410355,15.701697086635194,0.003035853249339421,0.011605311710825333,0.5090243220329285
CGCNN,cgcnn_emb,matbench_dielectric,4,32,30.186058246742327,3.452490875813594,16.524306148869144,15.71938586398067,15.453222644817549,-0.005601447565101093,0.004935166813652814,0.5738855600357056
CGCNN,cgcnn_emb,matbench_log_gvrh,0,32,30.252223771711208,3.4567130703317503,17.5342726872797,16.58239426320965,16.4599180110892,-0.01016563860899327,-0.0007088641131604413,0.1121407896280288
CGCNN,cgcnn_emb,matbench_log_gvrh,1,32,30.179233341638298,3.4578342277761953,17.573737652343098,16.78328781833641,16.567359429276667,0.03811515176362866,0.028323334339330614,0.1134194433689117
CGCNN,cgcnn_emb,matbench_log_gvrh,2,32,30.32313033190625,3.453754553758708,17.46929716884435,16.592982887260412,16.52376889601095,-0.01318751121974122,0.05027604404762798,0.1180738732218742
CGCNN,cgcnn_emb,matbench_log_gvrh,3,32,30.13002697256088,3.45583985986766,17.5269786272744,16.591723638324417,16.416499866159068,-0.016987826270459912,0.009048721620562571,0.1097217425704002
CGCNN,cgcnn_emb,matbench_log_gvrh,4,32,30.24497722638089,3.454220847982462,17.51860025820929,16.65877701376108,16.48697693669122,-0.026782162335579084,0.017361666249114054,0.1154986247420311
CGCNN,cgcnn_emb,matbench_log_kvrh,0,32,30.466572488500557,3.451719565550213,17.49451268330898,16.681329069002995,16.544568430882272,-0.00778091488713034,0.04476461218566622,0.0815345719456672
CGCNN,cgcnn_emb,matbench_log_kvrh,1,32,30.37412016333409,3.4537333517183586,17.43837135321906,16.59226020504769,16.538339653007586,0.00107818164665292,0.0021093667690837963,0.0838582813739776
CGCNN,cgcnn_emb,matbench_log_kvrh,2,32,30.164123268752686,3.449737875688031,17.544334165366013,16.614142185480414,16.532567248827853,0.016723234372358547,0.00025029489860275186,0.0820081457495689
CGCNN,cgcnn_emb,matbench_log_kvrh,3,32,30.139024458096724,3.455217852816937,17.586331701339944,16.59900170178391,16.52335369679395,0.01807284100872888,0.014032116812100643,0.0887938886880874
CGCNN,cgcnn_emb,matbench_log_kvrh,4,32,30.3450297264237,3.4569004020291034,17.50103112396387,16.540144074259743,16.483980722092237,0.02486979692357382,0.014414005286592662,0.0874972566962242
CGCNN,cgcnn_emb,matbench_perovskites,0,32,29.318671747730885,3.4462632974611687,11.69361724093652,11.056878361861223,10.89176343182666,0.0565690971243736,-0.01218673638393035,0.063635379076004
CGCNN,cgcnn_emb,matbench_perovskites,1,32,29.087197188178028,3.443572618001934,11.67688177586983,11.10584955514833,10.891993799881302,-0.0005993819487774082,0.02326619183097211,0.0622174404561519
CGCNN,cgcnn_emb,matbench_perovskites,2,32,29.366391855649237,3.44515706196801,11.542392569958688,10.965739059898029,10.83216742389355,-0.016017931336103214,0.03028927128185583,0.0603139661252498
CGCNN,cgcnn_emb,matbench_perovskites,3,32,29.224306777534522,3.45104309267711,11.590161723868173,11.063070006754561,10.969461748525848,-0.015313502978900162,0.020708486364848677,0.0604740343987941
CGCNN,cgcnn_emb,matbench_perovskites,4,32,29.570331686049038,3.45735887019977,11.687352778112293,11.08409907102205,10.938447484341806,-0.044406111622393864,0.04235791376382906,0.0585333481431007
CGCNN,cgcnn_emb,matbench_mp_gap,0,32,30.341341699730712,3.4541605983658705,17.640542832689754,16.794854125766154,16.27869461939884,0.01885852827468711,-0.008139352080334656,0.2840562760829925
CGCNN,cgcnn_emb,matbench_mp_gap,1,32,30.524923382919813,3.458927682449219,17.508514963013774,16.67803528152536,16.520773717677294,-0.02287795432103515,0.03945365699882376,0.285664290189743
CGCNN,cgcnn_emb,matbench_mp_gap,2,32,30.483496935995728,3.456721299874477,17.550669822089237,16.69140341330675,16.542037968662726,0.02793618091068516,0.002311073074043745,0.2744719982147217
CGCNN,cgcnn_emb,matbench_mp_gap,3,32,30.390639657908807,3.4526904746307068,17.43881665629923,16.523690630956487,16.492190893186226,-0.000437625817422509,0.006836459064978158,0.2705320417881012
CGCNN,cgcnn_emb,matbench_mp_gap,4,32,30.521912060908157,3.4543273107030807,17.45846931519002,16.648712649801215,16.59047287505732,-0.008016353360856146,0.006623023281933078,0.2996885180473327
CGCNN,cgcnn_emb,matbench_mp_e_form,0,32,30.168890672916742,3.458094778653134,17.65506611320657,16.79234715404643,16.5602029589773,-0.017294782319707543,0.030729997411715813,0.1084669008851051
CGCNN,cgcnn_emb,matbench_mp_e_form,1,32,30.129425342130272,3.455431164565616,17.541538983228833,16.68523276976055,16.559489353073545,0.014331146089126846,0.04793883044893513,0.164422795176506
CGCNN,cgcnn_emb,matbench_mp_e_form,2,32,30.383905702003148,3.452779120234569,17.449989717367693,16.509047919984376,16.451926736930126,-0.012761912203252986,-0.027780417194644837,0.1124444231390953
CGCNN,cgcnn_emb,matbench_mp_e_form,3,32,30.234268369379876,3.4576086595219997,17.48446304716498,16.59439860626942,16.465308620046944,-0.00877427911900116,-0.007088024117500568,0.1342375129461288
CGCNN,cgcnn_emb,matbench_mp_e_form,4,32,30.28026225799799,3.453015210542779,17.618936576933905,16.70702369692051,16.51684479729189,0.006826474165326219,0.006108472908379585,0.1477042734622955
CGCNN,cgcnn_emb,matbench_jdft2d,0,64,54.83692961065815,4.144938150678881,15.910627541448617,15.437239714606559,15.337774065937081,0.007164334205698993,-0.04282277249519427,39.9987907409668
CGCNN,cgcnn_emb,matbench_jdft2d,1,64,54.36128362802501,4.141632084897981,15.716804773628562,15.34176626289118,15.216361205440835,0.0025755708759670577,-0.003195548741354344,59.28761672973633
CGCNN,cgcnn_emb,matbench_jdft2d,2,64,54.13549490831842,4.149142856916946,15.70759417144783,15.24236516965782,15.168709245799173,-0.03263899447569814,-0.010004856836458114,73.4526596069336
CGCNN,cgcnn_emb,matbench_jdft2d,3,64,54.221820682104735,4.148783037620825,15.482973715809392,15.017212424817053,14.95389104892371,-0.02106337288844244,-0.019636621476592474,45.78426742553711
CGCNN,cgcnn_emb,matbench_jdft2d,4,64,54.60607172410726,4.14105851679698,15.964954550076028,15.50138206305104,15.355095192469326,-0.0019441605866683048,-0.019504702955637658,60.12865829467773
CGCNN,cgcnn_emb,matbench_phonons,0,64,50.827757161836615,4.1430873759099525,13.05495361850653,12.707262144947663,12.567939550100927,-0.02485549931182842,0.0024201455007609577,119.00798034667967
CGCNN,cgcnn_emb,matbench_phonons,1,64,51.393759814835825,4.147083685403363,13.18478755830086,12.849490937626681,12.731095016665764,-0.004222566679138382,-0.017549620936371392,81.0521469116211
CGCNN,cgcnn_emb,matbench_phonons,2,64,50.86032291419674,4.140810177691064,12.98760383779089,12.683074023659469,12.605019877301743,-0.018230882622665735,0.003369694793993979,103.31771850585938
CGCNN,cgcnn_emb,matbench_phonons,3,64,51.10847789377234,4.14068150461698,13.180950197643279,12.86819282237439,12.729119902320194,-0.03763579731064347,-0.03174320315468526,80.66278839111328
CGCNN,cgcnn_emb,matbench_phonons,4,64,51.085686812585315,4.141212400407845,13.192310999109612,12.840568405159074,12.717853991969013,-0.022672312353491646,0.0022997509129246726,104.77315521240234
CGCNN,cgcnn_emb,matbench_dielectric,0,64,55.168440556192806,4.149157831849141,16.55626823905804,16.09358343405435,15.953245023390455,-0.003939958698672585,-0.0028622887569586504,0.3254705965518951
CGCNN,cgcnn_emb,matbench_dielectric,1,64,55.409825815121884,4.1469231710885115,16.31832571689825,15.870155879147111,15.800389258320353,0.0120276088293583,0.005090159475026937,0.4483510851860046
CGCNN,cgcnn_emb,matbench_dielectric,2,64,55.11984096787917,4.150409809121353,16.568389856738555,16.165775688400785,16.03169245064813,-0.017558738891143982,0.01811650518870363,0.5703772306442261
CGCNN,cgcnn_emb,matbench_dielectric,3,64,55.24736748544728,4.148635033916006,16.56409194174976,16.10931268518755,15.98532854803117,-0.001652320373589845,-0.018078811123262557,0.4650889039039612
CGCNN,cgcnn_emb,matbench_dielectric,4,64,55.14289879157291,4.145457723753243,16.348022116944318,15.941854746745841,15.735770235100146,0.028207686065197798,-0.04481249569212587,0.5120862722396851
CGCNN,cgcnn_emb,matbench_log_gvrh,0,64,55.80978299499344,4.148741034743654,17.41137333816337,16.92601441030911,16.74557724448354,-0.018100051515531238,0.01083989136245969,0.1097190305590629
CGCNN,cgcnn_emb,matbench_log_gvrh,1,64,55.80350957331276,4.145582610313335,17.4424569800604,16.979734655786615,16.833723042769208,0.025173237286144932,-0.003767101458419215,0.1145860999822616
CGCNN,cgcnn_emb,matbench_log_gvrh,2,64,55.624602613754035,4.147669498651746,17.386351657807065,16.910661099657563,16.65990561335849,-0.018366342257734692,4.421178260604897e-05,0.1095109432935714
CGCNN,cgcnn_emb,matbench_log_gvrh,3,64,55.71030995698355,4.147911930643239,17.35853811784583,16.81038286878358,16.739163381918118,0.04754584778178958,-0.00019266800723983222,0.1089983358979225
CGCNN,cgcnn_emb,matbench_log_gvrh,4,64,56.010712457619874,4.147711777963972,17.46432805973871,17.031977797514838,16.75650308967863,-0.007022197947957711,-0.00100461014151224,0.1158714815974235
CGCNN,cgcnn_emb,matbench_log_kvrh,0,64,55.77404074002549,4.149160359918035,17.466063110665328,16.973399549618495,16.711901701197803,0.01974162712568836,-0.027500469794978572,0.0803012996912002
CGCNN,cgcnn_emb,matbench_log_kvrh,1,64,55.767837125401854,4.145620093634076,17.353999613670684,16.850319265961403,16.69785641849742,-0.005199835515407166,0.01402401670572548,0.085229568183422
CGCNN,cgcnn_emb,matbench_log_kvrh,2,64,55.61342301012011,4.146893414018682,17.40459225494514,16.940071791535473,16.66537423379768,0.03939132459492405,0.018458330055779865,0.0819451212882995
CGCNN,cgcnn_emb,matbench_log_kvrh,3,64,55.85770427285537,4.149755662791167,17.427383442371614,16.892103392343955,16.821894278382683,0.0061812385802589125,-0.010140478337223707,0.0882604569196701
CGCNN,cgcnn_emb,matbench_log_kvrh,4,64,55.74916052723508,4.144092688945671,17.377674120493126,16.867254156658866,16.789028803722168,-0.00608127542425114,0.02470573747843971,0.0848990306258201
CGCNN,cgcnn_emb,matbench_perovskites,0,64,47.08964479074859,4.142537845152065,11.583927805011681,11.224461199887147,11.114533654684067,0.06608857418481838,0.0005259010293931233,0.0588425621390342
CGCNN,cgcnn_emb,matbench_perovskites,1,64,47.17793539507975,4.142152606025593,11.582960730068843,11.334069098072023,11.050929094805344,0.0034081005566800426,0.000971801889066711,0.0568091832101345
CGCNN,cgcnn_emb,matbench_perovskites,2,64,47.13775369420228,4.138233508993842,11.527616240219853,11.182234876031732,11.010754649458597,-0.04213583487349931,-0.03377226571735061,0.058015838265419
CGCNN,cgcnn_emb,matbench_perovskites,3,64,46.84802924286866,4.139731195313415,11.503273369506944,11.193819340298637,11.09021332387734,-0.014944378262632091,0.0366617446308121,0.0559333488345146
CGCNN,cgcnn_emb,matbench_perovskites,4,64,47.75674257945924,4.139387612321431,11.500168088054222,11.210395033915217,11.114229431717826,-0.039850667032007264,-0.0039893716862662645,0.0576393604278564
CGCNN,cgcnn_emb,matbench_mp_gap,0,64,56.44670991663904,4.146167537799184,17.371689751928983,16.88796932265121,16.678338989830557,-0.006461628833969706,0.022519791231849218,0.277986079454422
CGCNN,cgcnn_emb,matbench_mp_gap,1,64,56.6175662840598,4.149036865315722,17.34136344374474,16.89482774075187,16.84985301647436,0.02168586201158033,-0.10886128110028685,0.2773669958114624
CGCNN,cgcnn_emb,matbench_mp_gap,2,64,56.465967557237875,4.148527438369168,17.368054579578644,16.99789132406704,16.860802755864505,0.036923115395676255,-0.040191119734685005,0.2711704075336456
CGCNN,cgcnn_emb,matbench_mp_gap,3,64,56.287977481537624,4.14678584339881,17.406077953870916,16.93401887480936,16.805727335220144,0.014162224270845859,0.008051605434504889,0.2797234356403351
CGCNN,cgcnn_emb,matbench_mp_gap,4,64,56.7087308965827,4.1464139304329795,17.4264160927416,16.976765159361175,16.849455030809604,0.08792390726846272,-0.016221398237071145,0.2651744186878204
CGCNN,cgcnn_emb,matbench_mp_e_form,0,64,56.02800720734602,4.145359133819672,17.369835572395203,16.86267062067624,16.684225920918262,-0.01268911664226452,0.012362592209370134,0.0991080775856971
CGCNN,cgcnn_emb,matbench_mp_e_form,1,64,55.93289953597832,4.147427020265152,17.417207042406105,16.942867236095314,16.776555792652054,0.003945593666880964,-0.01224554247347604,0.0939172208309173
CGCNN,cgcnn_emb,matbench_mp_e_form,2,64,56.07402488613033,4.148118156277641,17.39490496297822,16.95536634618527,16.83694328281143,-0.007634404289171446,-0.004437180172665793,0.1137887090444564
CGCNN,cgcnn_emb,matbench_mp_e_form,3,64,55.991120854359856,4.146918984870142,17.38166084906939,16.938643091804643,16.840603890595347,-0.015928452524725006,-0.015170536568540161,0.1217539831995964
CGCNN,cgcnn_emb,matbench_mp_e_form,4,64,55.97962014138727,4.146227416871101,17.386786219955646,16.919843538634115,16.674570190045593,0.016002291378687687,-0.005664643743682498,0.144942045211792
CGCNN,cgcnn_hm,matbench_jdft2d,0,8,6.8876906823101836,1.8956734610695185,25.311621461094624,18.927962374390546,10.625375819787138,0.2203397062681971,0.34848947255768575,34.62640380859375
CGCNN,cgcnn_hm,matbench_jdft2d,1,8,7.092441621570684,2.010180812245954,24.228878361658023,19.439985646102354,10.372372145959773,0.32072288292511836,0.22529221254038495,49.55003356933594
CGCNN,cgcnn_hm,matbench_jdft2d,2,8,6.743733707774557,1.994588777998121,25.888190492337877,21.166034748612482,15.123725464572741,0.2856147805039441,0.18130338972717072,70.81800079345703
CGCNN,cgcnn_hm,matbench_jdft2d,3,8,7.2503441406367415,2.0235033255205916,20.332424374308847,15.557966658380849,12.622752483162154,0.24545348207249804,0.3357220435898863,45.95347213745117
CGCNN,cgcnn_hm,matbench_jdft2d,4,8,7.332720421712857,2.0484829248754677,20.979346404539445,15.446961438954663,13.209258978357763,0.26032785778197964,0.17068075293093873,51.92833709716797
CGCNN,cgcnn_hm,matbench_phonons,0,8,7.428016931555749,2.0290880235625934,19.272839166324765,16.060451051589133,11.796051725033697,0.15535815950899518,0.22935253230636715,69.1773681640625
CGCNN,cgcnn_hm,matbench_phonons,1,8,7.148347377114439,2.0235629780758924,17.65898835420309,13.30552684503986,10.924896052265451,0.31446701626052087,0.23001777519881597,86.75726318359375
CGCNN,cgcnn_hm,matbench_phonons,2,8,7.168748067465172,2.038929018329953,20.060447678171073,15.380022761509988,12.841486514741746,0.14057136822094313,0.2864187182411885,92.11444091796876
CGCNN,cgcnn_hm,matbench_phonons,3,8,6.580926885578128,1.995359652081525,25.375315573797977,22.473058633362704,8.43214205221116,0.19457069920926467,0.17454346459429015,76.37205505371094
CGCNN,cgcnn_hm,matbench_phonons,4,8,7.081429027964909,1.897680542259172,20.039624370504562,16.212176905699582,10.17987280019068,0.07718950121764229,0.23830094215213252,66.24711608886719
CGCNN,cgcnn_hm,matbench_dielectric,0,8,7.035343007122389,1.999393997025393,25.462104936038077,19.50412256669602,13.769432359284654,0.37967450112532836,0.29718425139268606,0.3953286409378052
CGCNN,cgcnn_hm,matbench_dielectric,1,8,6.681580677583249,2.0251902620586426,31.49181725387092,25.851434112350432,19.33392129095769,0.41474662469551227,0.38325411729403563,0.506920576095581
CGCNN,cgcnn_hm,matbench_dielectric,2,8,6.988726066698171,2.0042382371205676,23.8326369854923,16.935386382723376,12.514763951239898,0.5156192302816862,0.3184098652370554,0.5470923185348511
CGCNN,cgcnn_hm,matbench_dielectric,3,8,6.7545879556369215,1.9768658307847549,30.314379225781796,24.59640385378287,17.214746246198303,0.4267785282700823,0.3109571832138183,0.4698018133640289
CGCNN,cgcnn_hm,matbench_dielectric,4,8,6.44553850706428,2.013295030492639,30.589084744405508,25.90863477589202,17.106890177851945,0.18981778225437232,0.1502994686881666,0.5180582404136658
CGCNN,cgcnn_hm,matbench_log_gvrh,0,8,6.781201548802198,1.9889571871101204,30.800146718840914,24.61506844815524,14.162897213900415,0.33575693313641586,0.2608595335168906,0.1070615798234939
CGCNN,cgcnn_hm,matbench_log_gvrh,1,8,6.978030789801811,1.9933966654642672,31.416299710006527,26.30365470241426,14.355336929366873,0.3351223615172027,0.24702919230352544,0.1006390377879142
CGCNN,cgcnn_hm,matbench_log_gvrh,2,8,6.953844399242758,2.041777697576038,31.102742373192797,25.630297452869662,15.444440099831986,0.3287099725526075,0.4022950554809947,0.0968897566199302
CGCNN,cgcnn_hm,matbench_log_gvrh,3,8,6.519086063433832,2.0359796797495457,33.140191443174565,26.478440061341022,14.030404559855358,0.33137731794258063,0.32588770562570246,0.1059889495372772
CGCNN,cgcnn_hm,matbench_log_gvrh,4,8,7.5167935981295,1.9967336317897195,22.928423837065488,16.011816718817105,14.452631230598247,0.30554257804204715,0.33236644188075276,0.1037453711032867
CGCNN,cgcnn_hm,matbench_log_kvrh,0,8,7.4494686906551575,2.0445858377866895,24.031844865787633,17.85231987650498,13.949060050753701,0.41139281088498186,0.37204387818575296,0.0724391490221023
CGCNN,cgcnn_hm,matbench_log_kvrh,1,8,6.877248279535952,1.8454984749184535,30.45061483545295,24.267332130167443,14.796868243333021,0.4954435642451823,0.440760700026368,0.075664184987545
CGCNN,cgcnn_hm,matbench_log_kvrh,2,8,6.9682014633013365,2.011854068897537,30.119014657640047,24.72658269130183,16.25037612869926,0.4234924295460473,0.33561334548842275,0.0690421089529991
CGCNN,cgcnn_hm,matbench_log_kvrh,3,8,7.173350642425137,2.022114476793657,27.34028434961583,20.97084296376061,16.889334244356768,0.3468631407937656,0.3433153804109135,0.0740638002753257
CGCNN,cgcnn_hm,matbench_log_kvrh,4,8,6.5436357931536575,1.966376308000045,32.04850053736337,26.62279407162169,13.911293016369118,0.44228775411105425,0.3620695790411287,0.0736714676022529
CGCNN,cgcnn_hm,matbench_perovskites,0,8,5.909105593167952,1.8460238794687105,26.50978224613278,23.62834323037538,12.64673262598142,0.28400751935160123,0.2499158792964571,0.0619578845798969
CGCNN,cgcnn_hm,matbench_perovskites,1,8,6.355495275975095,1.8190791442145782,21.838431811630702,17.155370206267868,12.203015381239252,0.26795471777039925,0.26200779114211514,0.0616848058998584
CGCNN,cgcnn_hm,matbench_perovskites,2,8,6.0204541106974405,1.9998546964792872,24.713073842982087,20.55469534516123,11.33507410829646,0.273703100203033,0.2546381996681319,0.0613073632121086
CGCNN,cgcnn_hm,matbench_perovskites,3,8,5.444566687615847,1.785930735736286,29.670613543931303,27.01287696760967,8.883003950443621,0.3280947474998668,0.3482489303906136,0.0585941709578037
CGCNN,cgcnn_hm,matbench_perovskites,4,8,6.465399941693883,1.86534170746714,20.61738202808727,15.23213730870313,12.722384849467629,0.2863467629329428,0.2895680907584664,0.0592218823730945
CGCNN,cgcnn_hm,matbench_mp_gap,0,8,6.75830346953601,2.029275705374973,33.53265865590573,27.5307314845593,13.233664932050099,0.21823370573706505,0.3604975032094411,0.3540787398815155
CGCNN,cgcnn_hm,matbench_mp_gap,1,8,7.063845119461086,2.044200000211208,29.70716841927478,24.875497916090964,16.705927961923912,0.3700735832338098,0.28007730652522056,0.3522793054580688
CGCNN,cgcnn_hm,matbench_mp_gap,2,8,6.485797641191681,2.0606842692430676,35.67898548317436,30.433090824508252,16.267521061054765,0.2628676714253523,0.3643119291408634,0.3446912765502929
CGCNN,cgcnn_hm,matbench_mp_gap,3,8,6.477774572912809,2.0552342726158193,34.9216072764367,29.870691754249965,19.311736111737005,0.32215709830475564,0.27665981657360456,0.3397110104560852
CGCNN,cgcnn_hm,matbench_mp_gap,4,8,6.870177879685033,2.009772315851221,31.83671623546026,27.65576972365961,16.318526385975908,0.30936978424277867,0.2613920977266287,0.3315293788909912
CGCNN,cgcnn_hm,matbench_mp_e_form,0,8,6.369696296293433,1.9158355517505823,36.19891660484285,28.400191107734177,20.52532430990925,0.43348977345153256,0.48144002094749405,0.1269436776638031
CGCNN,cgcnn_hm,matbench_mp_e_form,1,8,6.0633597051953965,1.8992799521860415,35.12225613015607,29.204072374643737,13.74919796957134,0.35591284826306435,0.3859547032608339,0.107860043644905
CGCNN,cgcnn_hm,matbench_mp_e_form,2,8,6.130046921030089,2.0296784491322515,35.126680160846554,27.65649023291049,21.854980394210692,0.34694482003734467,0.360640948961232,0.1510017067193985
CGCNN,cgcnn_hm,matbench_mp_e_form,3,8,6.448278489572367,2.056492536519378,34.13134373878433,25.381997065425075,19.464217217100668,0.34469060161143694,0.4571563559505687,0.1471763551235199
CGCNN,cgcnn_hm,matbench_mp_e_form,4,8,7.0081474131913195,2.0262087895095906,28.964694274680266,20.850061039648182,12.927816632704804,0.37669494311830076,0.5168747129714267,0.1378932893276214
CGCNN,cgcnn_hm,matbench_jdft2d,0,16,13.074361242896071,2.726476553506679,24.82579271494747,21.513874083289966,17.800905297282608,0.1630975095400683,0.2117160484720165,40.54061126708984
CGCNN,cgcnn_hm,matbench_jdft2d,1,16,13.550383024163063,2.6912143879457124,20.03838349405481,15.447446346390022,15.391667672993073,0.21648787202734135,0.22824130768327064,51.97197341918945
CGCNN,cgcnn_hm,matbench_jdft2d,2,16,13.839740387494684,2.745571927292809,20.98362929200539,17.257277208677618,14.442562902255546,0.30230293117880663,0.2867520647846206,72.80427551269531
CGCNN,cgcnn_hm,matbench_jdft2d,3,16,13.169546825749327,2.7240472375555527,25.06479818554104,21.59369876992307,17.336103706100552,0.22293435535001913,0.1467026436655548,43.3223876953125
CGCNN,cgcnn_hm,matbench_jdft2d,4,16,13.437653618215887,2.724068263445286,22.70821560629578,17.999605298221844,15.894128501662104,0.31446095114485967,0.20387881451658627,54.86333465576172
CGCNN,cgcnn_hm,matbench_phonons,0,16,13.918535917099383,2.7117975983115574,17.15840278079508,14.811947458023326,12.849407797854713,0.49350944658083934,0.16854649520138382,69.75373077392578
CGCNN,cgcnn_hm,matbench_phonons,1,16,13.857223396978997,2.721131979890224,17.64427139045701,14.91872991806188,11.546487083506866,0.12228417341965929,0.1602759844371851,58.97786712646485
CGCNN,cgcnn_hm,matbench_phonons,2,16,13.796797074404896,2.7132356150853814,17.866238247800435,15.007374409836329,12.085421078566645,0.29105754515367077,0.2758126515727993,75.14537048339844
CGCNN,cgcnn_hm,matbench_phonons,3,16,13.325078976903603,2.6849567994478396,19.408548364986565,16.83888817787976,11.974628572835735,0.25084124422072057,0.21198540255616583,58.6123161315918
CGCNN,cgcnn_hm,matbench_phonons,4,16,13.627285830963011,2.7070318958202098,16.21563078707305,13.356081392365912,12.480807402278339,0.3048298006536572,0.24069180670441767,70.89582824707031
CGCNN,cgcnn_hm,matbench_dielectric,0,16,11.762364110768118,2.6959771163121284,24.22499301899908,18.66836196977988,14.352014821920054,0.5035283865792364,0.19573532510702812,0.3584359884262085
CGCNN,cgcnn_hm,matbench_dielectric,1,16,12.313513063330788,2.6920929585202398,20.2832482445747,13.794936813913893,14.219461974579396,0.24414253785690967,0.23683583370585198,0.4826428294181824
CGCNN,cgcnn_hm,matbench_dielectric,2,16,11.955282311951814,2.6786611781948926,23.983947364921416,18.814548899353692,17.412810324813616,0.36321583345506575,0.20623071139785182,0.5978925824165344
CGCNN,cgcnn_hm,matbench_dielectric,3,16,10.661093643477091,2.7266919898704787,26.168238050770462,19.8101951775356,15.312389216453814,0.36301821807841733,0.37140567034285965,0.4534205496311188
CGCNN,cgcnn_hm,matbench_dielectric,4,16,12.371186495790177,2.6212293786434984,21.29704708506318,15.552420306483569,15.358639937834704,0.2994050298188365,0.3021676176918129,0.5424823760986328
CGCNN,cgcnn_hm,matbench_log_gvrh,0,16,14.023365169360027,2.6931414863744227,22.683736927428313,16.761727450713604,16.07558449752695,0.37711491310060824,0.3313680245571198,0.0921673476696014
CGCNN,cgcnn_hm,matbench_log_gvrh,1,16,13.013215313274829,2.7508328341087056,25.75246956511822,19.73879579152561,15.609137564779699,0.4446641545100673,0.39991941989335844,0.1005244925618171
CGCNN,cgcnn_hm,matbench_log_gvrh,2,16,13.876699283681308,2.7345570169965985,24.617980380591618,19.553710250975982,15.591705190437386,0.33821578522682205,0.3194433621644571,0.0958474725484848
CGCNN,cgcnn_hm,matbench_log_gvrh,3,16,13.42217989532459,2.728963587533362,27.352589369419764,21.883604384940128,18.198011894555297,0.3111169619237472,0.3623420305282544,0.0940549746155738
CGCNN,cgcnn_hm,matbench_log_gvrh,4,16,13.634717432479727,2.709135571055166,23.46232572971301,16.771324117986236,15.837182751890742,0.3497394759530682,0.3004008953546377,0.1075275316834449
CGCNN,cgcnn_hm,matbench_log_kvrh,0,16,14.08679973826331,2.712701442398962,21.80742178684792,16.182537111595913,15.804531291992152,0.4278013191825733,0.32962762924748285,0.0704919695854187
CGCNN,cgcnn_hm,matbench_log_kvrh,1,16,13.294265839558102,2.7180151449087813,26.88092663114573,21.605305959310282,18.135785634895914,0.3843624545975913,0.34496516811449696,0.0748661309480667
CGCNN,cgcnn_hm,matbench_log_kvrh,2,16,13.252151535512596,2.724171612409748,27.797225331093777,22.058822433199644,19.903673475949155,0.43177752898634647,0.2359253636041037,0.0701177641749382
CGCNN,cgcnn_hm,matbench_log_kvrh,3,16,13.200165283425578,2.713191978266594,27.541653363957398,21.82008308586066,15.048998271784193,0.34299649205169336,0.3513388115658251,0.0736240297555923
CGCNN,cgcnn_hm,matbench_log_kvrh,4,16,13.59396450929987,2.68423918803681,23.628965229926635,17.83000722946004,15.385296939424077,0.4013766599544623,0.3664738184546967,0.0706951394677162
CGCNN,cgcnn_hm,matbench_perovskites,0,16,13.557405734794497,2.665417002210363,17.210203484487298,14.588800150312462,11.32088842851776,0.3006374705477043,0.2735627537432837,0.0519548393785953
CGCNN,cgcnn_hm,matbench_perovskites,1,16,13.37539896689128,2.6923169197103096,16.604721745894867,13.748292378107744,10.51442435341012,0.38312283075690556,0.374796798162845,0.0515357255935668
CGCNN,cgcnn_hm,matbench_perovskites,2,16,12.972746793189552,2.713663115496715,18.382561437879755,15.556297019323388,12.622250321190327,0.22767748948392655,0.31879467490291125,0.0495026372373104
CGCNN,cgcnn_hm,matbench_perovskites,3,16,12.838214661205642,2.690446524616689,18.621502929004965,15.58761313151868,10.652787944878312,0.24427984196830377,0.29082238320355847,0.0523381009697914
CGCNN,cgcnn_hm,matbench_perovskites,4,16,12.522675345393834,2.706378860530945,20.238874835438704,17.911212074210553,13.725330679733728,0.35525515670395647,0.27197661323147937,0.0497995354235172
CGCNN,cgcnn_hm,matbench_mp_gap,0,16,13.616275005982775,2.735860284913544,28.007428880089215,24.73829264717381,18.585959490473385,0.3903183077108337,0.26444306171911497,0.3028705418109894
CGCNN,cgcnn_hm,matbench_mp_gap,1,16,13.469986311730976,2.725436901962693,27.80943153519698,23.7690406906514,21.74218774616422,0.3608949808506349,0.34674337660254234,0.287204384803772
CGCNN,cgcnn_hm,matbench_mp_gap,2,16,13.533413849351955,2.7444876527765354,28.180824553474295,25.302464594526697,19.873171672842584,0.47893693079187033,0.20877426537202975,0.2875267565250397
CGCNN,cgcnn_hm,matbench_mp_gap,3,16,13.42131740429877,2.679583379823648,28.168985629758375,25.166485511790125,20.26199483498479,0.2894162907573726,0.23341377541855665,0.2895867228507995
CGCNN,cgcnn_hm,matbench_mp_gap,4,16,13.233355721684193,2.7346833502449526,29.61100596283534,25.943229906908492,17.825029859737086,0.500510332577776,0.30541013615421175,0.302773118019104
CGCNN,cgcnn_hm,matbench_mp_e_form,0,16,12.237265678350623,2.7143744522405653,31.101043824121607,23.307529670304156,22.44069976572787,0.45472357754811943,0.4267422335136466,0.101807877421379
CGCNN,cgcnn_hm,matbench_mp_e_form,1,16,13.031914274288392,2.695570302454542,25.27196104378804,17.19497497450383,16.24466877177206,0.34760543156696005,0.41525483199685004,0.1303154528141021
CGCNN,cgcnn_hm,matbench_mp_e_form,2,16,12.659823378477645,2.688757385329869,26.706277177191556,18.813376728420536,18.37421619214314,0.3627946452683153,0.43484273137827884,0.1175514012575149
CGCNN,cgcnn_hm,matbench_mp_e_form,3,16,11.6142204811773,2.704714624702663,35.225125960501906,29.240714622958933,18.84396346314477,0.38353663909764973,0.3715526874344636,0.115722045302391
CGCNN,cgcnn_hm,matbench_mp_e_form,4,16,12.531592233589851,2.6615455991078045,28.002516808772082,19.460015947888756,18.612377232959922,0.3515704154002026,0.4188658192339369,0.1036972925066948
CGCNN,cgcnn_hm,matbench_jdft2d,0,32,23.598025465819454,3.3926159126246223,22.21899241206271,18.199443589510775,17.437096445677554,0.27115563668822484,0.18247673489439228,37.70469284057617
CGCNN,cgcnn_hm,matbench_jdft2d,1,32,23.17534757219769,3.4045837051357286,21.265905628439334,17.198780136638177,16.739825548412046,0.24419779374337017,0.2668548357067453,54.598262786865234
CGCNN,cgcnn_hm,matbench_jdft2d,2,32,23.646177994569545,3.420573458844878,21.57149703161576,18.174564868516796,15.79509522518577,0.2800280651139208,0.2390182556041984,74.50220489501953
CGCNN,cgcnn_hm,matbench_jdft2d,3,32,24.302513205983512,3.4065816673746654,20.130951846091147,16.74187482505082,16.74386667469471,0.36038234695952814,0.26431928241662883,38.75045394897461
CGCNN,cgcnn_hm,matbench_jdft2d,4,32,24.10372943074342,3.4184291690220556,20.79728378140944,17.146837221659794,16.77033028191668,0.32476881689783443,0.2531439323817582,52.909271240234375
CGCNN,cgcnn_hm,matbench_phonons,0,32,23.83166101952973,3.418992775988101,17.889736312124946,16.033680653591475,13.34237416651098,0.2985777613594385,0.1502974513657334,87.29473876953125
CGCNN,cgcnn_hm,matbench_phonons,1,32,24.33124097946865,3.3901229180411634,17.551025752276512,15.872799491693536,13.516977266235637,0.33391370174110524,0.19665843732365584,64.32543182373047
CGCNN,cgcnn_hm,matbench_phonons,2,32,24.390658113371924,3.4186167951404327,16.54949513669513,14.738504752633641,13.394884531466934,0.2581930268908769,0.20287891906667965,72.41483306884766
CGCNN,cgcnn_hm,matbench_phonons,3,32,23.703570145805095,3.409431671099295,17.35531160500139,15.229865020715579,12.401555208347933,0.30979212174692955,0.19180285604759342,59.64535903930664
CGCNN,cgcnn_hm,matbench_phonons,4,32,23.032472866752183,3.4272975396449743,19.919800281060326,17.906584894251466,13.360111630668332,0.2806284085813069,0.17777889023764126,62.81674957275391
CGCNN,cgcnn_hm,matbench_dielectric,0,32,23.07631294872972,3.3873634724529635,21.272044253882477,16.87806012412513,15.726808830676871,0.34790831726624105,0.24669900782984272,0.3764285445213318
CGCNN,cgcnn_hm,matbench_dielectric,1,32,20.83539274036815,3.4113385024005742,23.23288904067634,18.93244130599255,17.24593426325893,0.36832710443485533,0.2936411829257304,0.4488938748836517
CGCNN,cgcnn_hm,matbench_dielectric,2,32,18.843153496932587,3.3644760734871664,23.92990498551312,19.588363447282056,16.83918883462108,0.28122955688730816,0.22378225156107198,0.5643787980079651
CGCNN,cgcnn_hm,matbench_dielectric,3,32,17.262094261752015,3.3710063804110666,23.367706915106346,17.6084247956808,15.23340493653386,0.2586212214002793,0.26108985532730644,0.4551479816436767
CGCNN,cgcnn_hm,matbench_dielectric,4,32,20.73082270859446,3.345124512480159,22.113559340156396,17.898073387600242,16.214625225412554,0.35109680584566666,0.30135251054512185,0.4462446868419647
CGCNN,cgcnn_hm,matbench_log_gvrh,0,32,24.869717576174097,3.4095457397906697,23.71254348759366,18.904773544765273,18.104370543986647,0.351942221354675,0.2918545632107278,0.0901184454560279
CGCNN,cgcnn_hm,matbench_log_gvrh,1,32,24.7587581834313,3.4260338921509375,24.16868607532118,19.69172536980167,16.738691451606343,0.4635611515614734,0.19270791220721298,0.1001877337694168
CGCNN,cgcnn_hm,matbench_log_gvrh,2,32,24.26948348369389,3.3995060189210813,23.728447028961998,18.402968331922004,17.981469204820353,0.36543854931038455,0.3495967807445212,0.0954529345035553
CGCNN,cgcnn_hm,matbench_log_gvrh,3,32,24.88709694801472,3.4073103068821537,24.428867550140804,19.4134954337881,17.30120144490645,0.47656786190642686,0.2919532329681101,0.089715652167797
CGCNN,cgcnn_hm,matbench_log_gvrh,4,32,24.671180194005107,3.4106975633949963,23.329575529774573,18.026619128462187,18.566761894727353,0.33545155402794985,0.3272627016185842,0.1015736013650894
CGCNN,cgcnn_hm,matbench_log_kvrh,0,32,24.75189826575254,3.41939730309549,23.4167228736202,18.536549926590407,18.79604707842824,0.3257967190687334,0.2897290544219301,0.0680769085884094
CGCNN,cgcnn_hm,matbench_log_kvrh,1,32,24.50428859429369,3.4044680324968657,23.94048538390545,19.1046455035126,16.01698435033155,0.3031667980431165,0.23147845654411717,0.0768155977129936
CGCNN,cgcnn_hm,matbench_log_kvrh,2,32,24.113067669810725,3.4064801077328286,23.468620843727447,18.661048965700804,17.247444092159913,0.34356015741412904,0.3014309537158184,0.0709826275706291
CGCNN,cgcnn_hm,matbench_log_kvrh,3,32,24.313878709356903,3.402965609768077,24.375493046423546,19.548806820597864,18.632142395571712,0.39013933547695606,0.29531523911392116,0.0738107189536094
CGCNN,cgcnn_hm,matbench_log_kvrh,4,32,24.62143973143735,3.4032009455558723,23.242809066175074,18.4471254075256,17.59913843821756,0.5439845164512705,0.21997285460422153,0.0740114077925682
CGCNN,cgcnn_hm,matbench_perovskites,0,32,23.76125030381608,3.4164493697370375,16.39765603896543,14.701610496350469,11.012714159323847,0.24817300783372181,0.2339887828837497,0.0495476648211479
CGCNN,cgcnn_hm,matbench_perovskites,1,32,23.344600915625637,3.394593150776387,16.72514851986695,14.98309128734951,12.602089920591487,0.21224476555735491,0.22968314685889452,0.0476473048329353
CGCNN,cgcnn_hm,matbench_perovskites,2,32,23.47917370025631,3.4074319188067745,16.869646860147444,15.114581900732794,12.057623439759132,0.274594359357305,0.28296761815764987,0.0466151684522628
CGCNN,cgcnn_hm,matbench_perovskites,3,32,23.90206284576423,3.4061487342631285,15.25811688320942,13.373561795356892,11.260831787417105,0.2264073834417464,0.21298732468538795,0.0464304350316524
CGCNN,cgcnn_hm,matbench_perovskites,4,32,23.80692203019633,3.390497872469129,16.134508516552003,14.465700609907131,11.337811655895683,0.29985403017356344,0.2686729330806526,0.0474678054451942
CGCNN,cgcnn_hm,matbench_mp_gap,0,32,24.01226541407598,3.4300495904768207,31.30362416615692,29.001647282767976,23.58712778711866,0.22005595493494925,0.21586187867695794,0.2631641626358032
CGCNN,cgcnn_hm,matbench_mp_gap,1,32,23.296816218726686,3.4261913874734855,32.448107804611794,29.967925424584884,26.890834368060695,0.2873051507426151,0.25669313517154635,0.2607309818267822
CGCNN,cgcnn_hm,matbench_mp_gap,2,32,23.345059808619613,3.435306588542204,33.41083735817027,31.231991681925084,25.167422117762534,0.17446670556960384,0.17698847776661344,0.2616067826747894
CGCNN,cgcnn_hm,matbench_mp_gap,3,32,25.270230846951243,3.4371366607985276,27.39680648579045,24.941231671738514,22.815108045143838,0.2507250520812058,0.13480385052541424,0.2707482874393463
CGCNN,cgcnn_hm,matbench_mp_gap,4,32,24.237710556377024,3.421651982385777,30.016179598570762,27.794462804610514,22.571286405711383,0.2646080227298217,0.16210076711408353,0.2766726016998291
CGCNN,cgcnn_hm,matbench_mp_e_form,0,32,21.91652488435428,3.3572798830286823,27.48084374010009,20.672549022207768,18.875269137943498,0.37873469952573247,0.34408052925830857,0.1076112389564514
CGCNN,cgcnn_hm,matbench_mp_e_form,1,32,22.93943140556244,3.390838991246843,26.987047213817878,20.175635312995137,19.94442806759544,0.2617085074083832,0.35364536211783776,0.1038245782256126
CGCNN,cgcnn_hm,matbench_mp_e_form,2,32,22.991798549503347,3.396657011224555,25.396926672728497,18.764146796247825,18.99965751985954,0.33573050239082736,0.36670517846714595,0.0901093333959579
CGCNN,cgcnn_hm,matbench_mp_e_form,3,32,22.72581727591139,3.3626996075703612,27.67385517270363,21.163795146840837,20.207252637368065,0.42775492419873645,0.336935957095503,0.1211792975664138
CGCNN,cgcnn_hm,matbench_mp_e_form,4,32,22.546605276667215,3.4026849798506067,28.396725640217802,21.911128314891002,18.95128014549633,0.35631742619111606,0.2844114618932864,0.0904845893383026
CGCNN,cgcnn_hm,matbench_jdft2d,0,64,34.48255996469578,4.117210918768169,22.205167417304082,18.45854754337617,18.17417973258209,0.2575147149952283,0.21611809993258885,33.92523956298828
CGCNN,cgcnn_hm,matbench_jdft2d,1,64,35.85877195557357,4.117469594510158,20.277496759610102,16.938320911487153,17.744425133077158,0.21580769046555479,0.20317033506096455,52.0474739074707
CGCNN,cgcnn_hm,matbench_jdft2d,2,64,34.005198722295084,4.119792313977227,21.316172764337214,17.990267103053373,17.142102772211746,0.482592395641818,0.26958510817931264,72.41779327392578
CGCNN,cgcnn_hm,matbench_jdft2d,3,64,34.36923790071116,4.123974675839188,21.13356254329861,18.13390585494552,18.017507270292224,0.37536868577105775,0.28220785152273103,38.30324172973633
CGCNN,cgcnn_hm,matbench_jdft2d,4,64,35.33290082452668,4.104191747802247,20.99419054249618,17.177347232369815,16.110993041808964,0.3716252367402328,0.22371998554710357,58.40584182739258
CGCNN,cgcnn_hm,matbench_phonons,0,64,33.09358375066019,4.127895202980646,17.643360494832336,15.918570391083108,14.358818687146615,0.2515888552197581,0.19466914265973767,97.8459701538086
CGCNN,cgcnn_hm,matbench_phonons,1,64,33.16004808417402,4.1228363233932654,18.18380973622109,16.589024574381316,15.486251255715347,0.2596460134601106,0.17363064573888665,64.89634704589844
CGCNN,cgcnn_hm,matbench_phonons,2,64,33.48625778096185,4.12421573220697,17.172054839521156,15.713818025132113,12.960689749164745,0.2584964905799778,0.13749448947034423,78.0185546875
CGCNN,cgcnn_hm,matbench_phonons,3,64,32.99856961819926,4.109227791918826,17.86799189284188,16.024960658903588,13.858679322392515,0.3028946128699161,0.19730464161849703,63.44304656982422
CGCNN,cgcnn_hm,matbench_phonons,4,64,33.699995544737526,4.129326775822951,17.372417576417597,15.993004824243824,14.104637883465257,0.17688118432154637,0.1555172382395885,71.51718139648438
CGCNN,cgcnn_hm,matbench_dielectric,0,64,33.99003238401224,4.103336135422376,20.740949253334403,16.196536206545858,17.114515144672897,0.2582272876478087,0.23112300010848158,0.3491156101226806
CGCNN,cgcnn_hm,matbench_dielectric,1,64,28.717882304923602,4.090867654093034,21.198652281449615,16.37618785277407,17.047233801356935,0.39409931428969136,0.3007842984613583,0.5096032619476318
CGCNN,cgcnn_hm,matbench_dielectric,2,64,30.720742017087794,4.092887026603696,20.639634692106494,16.403134031998125,16.8374970543988,0.3626229894812623,0.2635042546120673,0.5244090557098389
CGCNN,cgcnn_hm,matbench_dielectric,3,64,25.47306239670875,4.038303727449089,20.88659191068821,16.44986785263963,16.114479214879672,0.2892650376189766,0.2318101794509575,0.4297001361846924
CGCNN,cgcnn_hm,matbench_dielectric,4,64,30.986761297744476,4.0783109821362125,20.558527657874546,16.22579717912796,16.60514933940133,0.39202675360387135,0.26967937974291023,0.492297887802124
CGCNN,cgcnn_hm,matbench_log_gvrh,0,64,34.47269099450089,4.094042243678408,25.05991285024437,19.805788251397917,20.174937370494167,0.4000999577101995,0.3443651060801528,0.1008956581354141
CGCNN,cgcnn_hm,matbench_log_gvrh,1,64,36.213481352898356,4.107764698144656,24.434754936462404,20.327599820236365,19.651831397290774,0.3756730396675885,0.291069743339871,0.1054700314998626
CGCNN,cgcnn_hm,matbench_log_gvrh,2,64,36.95472903140905,4.128984625718344,24.265826071379237,20.636861539402116,18.73890730946269,0.39610885556940145,0.18919270204601357,0.0936792120337486
CGCNN,cgcnn_hm,matbench_log_gvrh,3,64,35.92297170227803,4.098399398990851,24.504008346728437,20.311094622452615,20.33345748198062,0.4095952371747787,0.2799447825695027,0.0934744924306869
CGCNN,cgcnn_hm,matbench_log_gvrh,4,64,36.16551847140809,4.1095909851162515,24.335562600901188,20.08451346923964,19.286745071786157,0.3637479595168136,0.22862272951310292,0.0962209850549697
CGCNN,cgcnn_hm,matbench_log_kvrh,0,64,36.28413791480239,4.122156285693965,23.842177753415147,20.140113571031826,19.941874805575445,0.41047516054525307,0.26515480406200825,0.0692549422383308
CGCNN,cgcnn_hm,matbench_log_kvrh,1,64,35.348251209996235,4.103097577325245,25.7508452672175,21.6898129602362,20.840732140283098,0.38762831975627526,0.2418032076059087,0.0744673013687133
CGCNN,cgcnn_hm,matbench_log_kvrh,2,64,36.429918287388574,4.1247315455184745,23.351501802826466,19.355294509478597,18.42086076382054,0.3365022234393542,0.2583980569924583,0.0680357813835144
CGCNN,cgcnn_hm,matbench_log_kvrh,3,64,36.06925397310216,4.1022543639700375,23.75123669812965,19.607589584893287,19.41860703792043,0.4050059626696681,0.22780295667567033,0.0749115273356437
CGCNN,cgcnn_hm,matbench_log_kvrh,4,64,35.00980503709569,4.101103316266048,24.944540980800426,20.509414948305036,19.01121553436275,0.34891285036830527,0.15490212435686201,0.0741051062941551
CGCNN,cgcnn_hm,matbench_perovskites,0,64,32.52146263472362,4.110087666600268,15.223380381668287,13.78412282531064,12.221365822389291,0.198283402580363,0.1977357289836439,0.0479119978845119
CGCNN,cgcnn_hm,matbench_perovskites,1,64,31.930299567864527,4.104581800017709,15.781321493720181,14.511046382226366,12.67358506394619,0.24922479948724166,0.17380725335710986,0.0478617772459983
CGCNN,cgcnn_hm,matbench_perovskites,2,64,31.682661781942265,4.114690973836063,16.926468268266937,15.727874038006068,12.74706352528545,0.3058301469984,0.23518986816261567,0.0452310629189014
CGCNN,cgcnn_hm,matbench_perovskites,3,64,31.690528646203315,4.118325006078067,16.903979466875157,15.636911581433948,13.941988438537502,0.24166420039244849,0.1904365787122926,0.0453768968582153
CGCNN,cgcnn_hm,matbench_perovskites,4,64,30.732737089874426,4.128561020194653,17.878162335119296,16.700023238302336,13.64839446710934,0.22760751427546827,0.09938275032871884,0.0457403883337974
CGCNN,cgcnn_hm,matbench_mp_gap,0,64,29.561076273894866,4.127075325720924,39.28711821031466,37.54144912094239,33.92204929650097,0.22284035259549462,0.16817597649164534,0.2516930103302002
CGCNN,cgcnn_hm,matbench_mp_gap,1,64,29.901612160225397,4.123308162497047,37.601616398925216,35.813983510610804,32.9800184320923,0.17618953342572427,0.13062603636969655,0.2531798481941223
CGCNN,cgcnn_hm,matbench_mp_gap,2,64,28.536047378078532,4.1216537724944065,40.16462980699635,38.46080563103235,35.664416526962874,0.33303084106003816,0.17476107254926157,0.2520661652088165
CGCNN,cgcnn_hm,matbench_mp_gap,3,64,30.870027990383516,4.116117297455156,37.36547263924159,35.603300516005675,32.82130009792821,0.19026240332659333,0.1238059099923945,0.2536015510559082
CGCNN,cgcnn_hm,matbench_mp_gap,4,64,27.834989554625167,4.114176891215141,41.86215919754122,40.42479065429662,36.66328031648203,0.3247457627118644,0.18151366969087293,0.2613639235496521
CGCNN,cgcnn_hm,matbench_mp_e_form,0,64,33.31484393257938,4.01920555597891,26.732146532831745,20.816218879297196,20.162418225916383,0.38663666433041916,0.31555912485617843,0.1155958324670791
CGCNN,cgcnn_hm,matbench_mp_e_form,1,64,32.880772776098226,4.0479635214097645,26.32019680598328,20.170264479834703,20.532787211694494,0.28742622071185836,0.3210067128357595,0.1238817125558853
CGCNN,cgcnn_hm,matbench_mp_e_form,2,64,33.29442633316646,4.084731106026688,27.92458723594881,22.617560162885677,21.829431734511253,0.3349311393310678,0.3115822758694658,0.09806489944458
CGCNN,cgcnn_hm,matbench_mp_e_form,3,64,33.531797242105256,4.039669025974604,27.677203198498233,22.280820672469943,21.666998869092076,0.30031500682302226,0.2992737720499798,0.1021959111094474
CGCNN,cgcnn_hm,matbench_mp_e_form,4,64,32.81976082264933,4.115874301917863,31.254087549911798,26.322518367276118,25.621025770649545,0.3164240950211687,0.2834083471757219,0.0974916368722915