Model,Method,Task,Fold,Dimension,Effective_Rank,Embedding_Entropy,Spectral_Radius,Spectral_Gap,Fiedler_Value,ARI,Silhouette,MAE,MAE_Norm
MEGNet,megnet_emb,matbench_jdft2d,0,8,7.870319173149721,2.066857112374029,16.834091865766577,14.003349333291604,13.980117878138657,-0.0208117154416659,0.1749418093296824,39.00766372680664,0.11365760655430342
MEGNet,megnet_emb,matbench_jdft2d,1,8,7.853996712371502,2.0729078568433508,16.849360220014038,13.697140994065744,13.73867267440714,-0.0043849766885626,0.1955788295735508,58.78205108642578,0.5619532012385486
MEGNet,megnet_emb,matbench_jdft2d,2,8,7.876802418437706,2.070898614639982,16.886761812024414,13.910889359020231,13.66332724303563,-0.0107735546038543,0.1453445534793735,78.10436248779297,1.0
MEGNet,megnet_emb,matbench_jdft2d,3,8,7.8947115458554045,2.06209262004226,16.655282438998427,13.9553478838973,13.729228883790809,0.0030046788917684,0.1145539909840503,44.923221588134766,0.24776636457067466
MEGNet,megnet_emb,matbench_jdft2d,4,8,7.863148722334297,2.0678387578153794,17.040793106129204,13.987978942602757,13.848550793709729,0.0100983373559101,0.1854422056340977,52.37869644165039,0.41678583770668565
MEGNet,megnet_emb,matbench_phonons,0,8,7.860807409386492,2.07124952835942,13.771214303949524,11.50138721660996,11.239021219377031,-0.0322329784666541,0.256114310409901,35.297203063964844,0.6094224775674069
MEGNet,megnet_emb,matbench_phonons,1,8,7.887490972841225,2.064036680668564,14.251468673847937,11.742675011144632,11.195056562616893,0.0160568570676493,0.1010301556184141,35.19483184814453,0.6013628865685249
MEGNet,megnet_emb,matbench_phonons,2,8,7.868921635468449,2.054861403588978,13.815506407383475,11.749336722688582,11.425857272931266,-0.0059476629498739,0.0837262308950679,34.863136291503906,0.5752488026314705
MEGNet,megnet_emb,matbench_phonons,3,8,7.897061799110865,2.074748137276823,14.11979257540953,11.994138205460132,11.630877950068845,-0.0394659191501918,0.120701008890195,34.555877685546875,0.5510586171866966
MEGNet,megnet_emb,matbench_phonons,4,8,7.870112292873171,2.0590801415589985,14.04854040104104,11.725992925500108,11.625431094712942,0.0192781887469177,0.1173705382269635,32.990089416503906,0.427785557096403
MEGNet,megnet_emb,matbench_dielectric,0,8,7.893125435248877,2.0682989896187967,18.104279341575285,15.207753276644752,14.680540091962028,-0.0122434727847918,0.193510234359421,0.2428307086229324,0.13649719994276477
MEGNet,megnet_emb,matbench_dielectric,1,8,7.864248260286193,2.0626177899260414,17.815231913718833,14.873291243655263,14.348736222872583,0.0365476130763539,0.1586635013733937,0.3290224373340606,0.4672946154786701
MEGNet,megnet_emb,matbench_dielectric,2,8,7.81721994894923,2.0673331127188024,17.830421661155583,14.518333928267609,14.332462364060166,0.0204919096804546,0.1883900517789143,0.467822790145874,1.0
MEGNet,megnet_emb,matbench_dielectric,3,8,7.884701119777475,2.0605766869854194,17.66008671685709,14.734954404642387,14.656885459899511,-0.0060107803876208,0.1298788445601373,0.3683082461357116,0.6180706146743563
MEGNet,megnet_emb,matbench_dielectric,4,8,7.894521333828879,2.0631234445808984,17.81496264463797,14.745288341190795,14.192206488777972,0.0148884513532243,0.0820506008242194,0.3589948117733001,0.5823263493844173
MEGNet,megnet_emb,matbench_log_gvrh,0,8,7.920278594671934,2.072386847148687,18.568972078277028,15.581884668415924,15.273488907552256,0.0372675045373289,0.1411797139786328,0.1120756790041923,0.6888054242670315
MEGNet,megnet_emb,matbench_log_gvrh,1,8,7.888514671753513,2.0739667246063407,18.63873100216991,15.395225573023708,15.221483981193757,0.0284414106939704,0.1680767573701687,0.1089581698179245,0.5860282482794954
MEGNet,megnet_emb,matbench_log_gvrh,2,8,7.91261044131125,2.067251283144808,18.56025405725508,15.444690257937186,15.255714428434038,0.0240202108381942,0.1506357675710787,0.1081172600388526,0.558305368509322
MEGNet,megnet_emb,matbench_log_gvrh,3,8,7.894277620917757,2.0729169829649816,18.48187083443924,15.341607044248128,15.229338211365487,0.0785063828017797,0.1947881957026774,0.1079729795455932,0.5535487693266774
MEGNet,megnet_emb,matbench_log_gvrh,4,8,7.88233407756386,2.059046190841716,18.756597580983964,15.54970800285452,15.299107488599793,0.0038335974858102,0.1020354182945611,0.1215150505304336,1.0
MEGNet,megnet_emb,matbench_log_kvrh,0,8,7.927973679091003,2.071219968995301,18.66873879299761,15.666205112243723,15.054496480186655,0.0354240922064265,0.156957270743465,0.0731312558054924,0.5160104545339064
MEGNet,megnet_emb,matbench_log_kvrh,1,8,7.906756775716602,2.057725182342557,18.54919674814807,15.409375643877103,15.400641432616103,0.045249890615517,0.1838830146201789,0.0775051340460777,0.7217548406542227
MEGNet,megnet_emb,matbench_log_kvrh,2,8,7.867016173038925,2.056707720704868,18.439821633738365,15.157764143308098,15.09403240312549,0.0443686006825938,0.1730896175423074,0.0720731988549232,0.4662401441134539
MEGNet,megnet_emb,matbench_log_kvrh,3,8,7.924718735914713,2.073946702190272,18.448926563469144,15.60654415638126,15.528741634552132,0.0959630724379479,0.1290973100070096,0.077921561896801,0.7413433357603421
MEGNet,megnet_emb,matbench_log_kvrh,4,8,7.903441874659541,2.0636718628984334,18.45181219241061,15.426509999837211,15.295253911565323,0.0749066699012116,0.0888282179594066,0.0767992883920669,0.6885523204211236
MEGNet,megnet_emb,matbench_perovskites,0,8,7.839019580320162,2.0539444727016,12.121058715958402,9.969154239733973,9.998422080675365,0.0529757057958509,0.1050924978639835,0.0511419102549552,1.0
MEGNet,megnet_emb,matbench_perovskites,1,8,7.88799486230263,2.0567019261961845,12.136263548434805,10.319659837356951,10.2404644720079,0.0390479962965967,0.0183560209250032,0.0494113825261592,0.8622430188124195
MEGNet,megnet_emb,matbench_perovskites,2,8,7.836891789986179,2.0498817915973557,12.071694324900555,9.88169053134063,9.905550776928528,0.1296961702901846,0.0419346480838848,0.0497732795774936,0.8910514825330202
MEGNet,megnet_emb,matbench_perovskites,3,8,7.852147731631444,2.0692212462605686,12.36522251711412,10.08282707576845,10.113297202320476,0.0438302868859641,0.2124301200799531,0.0438598617911338,0.4203195958404948
MEGNet,megnet_emb,matbench_perovskites,4,8,7.851337858254339,2.0701454183441883,12.337116473953577,10.4121555695656,10.15273019220514,0.0708189481432151,0.1951214947033919,0.0485672652721405,0.795047883625034
MEGNet,megnet_emb,matbench_mp_gap,0,8,7.888148992875865,2.0585935559071054,18.28389162305128,15.33280538700682,15.38317604411432,0.056103974777305,0.1373498442255364,0.2591058015823364,0.21376956847023645
MEGNet,megnet_emb,matbench_mp_gap,1,8,7.849529416308365,2.0687541587711986,18.37686431348774,15.142210029044287,15.219136484071475,0.0669208317622578,0.1596203937129315,0.2663636207580566,0.38565590547846507
MEGNet,megnet_emb,matbench_mp_gap,2,8,7.830074362212779,2.0733041695339818,18.443709568571048,15.037809647887885,15.140304018639592,0.0992090947322724,0.1447778543378087,0.2610806226730346,0.2605390945921138
MEGNet,megnet_emb,matbench_mp_gap,3,8,7.901603529897923,2.0775964403686347,18.44596665275033,15.638546685860543,15.574964840316817,0.0548948081721574,0.0749569751402428,0.2754223942756653,0.6001940966389528
MEGNet,megnet_emb,matbench_mp_gap,4,8,7.847033895683854,2.072742190963194,18.88006361034021,15.494868675299,15.085208951445615,0.0384057086267008,0.1446194058212929,0.2725534737110138,0.5322496859163486
MEGNet,megnet_emb,matbench_mp_e_form,0,8,7.892514626030167,2.073678238677164,19.318068691417835,15.364143069034885,15.187608943662903,0.1072455774004176,0.1539076909269777,0.0376448631286621,0.4750560418950088
MEGNet,megnet_emb,matbench_mp_e_form,1,8,7.900371418668357,2.0722800940433483,18.589924900081847,14.45720882731537,14.661419565700069,0.1191477203151149,0.2642471380443789,0.037931028753519,0.49773765542915205
MEGNet,megnet_emb,matbench_mp_e_form,2,8,7.88620447228653,2.062084700709944,18.575072120408336,14.849128163151772,14.953799509798351,0.065871108757925,0.1170921816499849,0.043242409825325,0.9187200598095168
MEGNet,megnet_emb,matbench_mp_e_form,3,8,7.887767952891619,2.068079422674481,18.81708423293492,14.35140502969373,14.672098679657276,0.1270705780715922,0.1034349328819595,0.0442678891122341,1.0
MEGNet,megnet_emb,matbench_mp_e_form,4,8,7.880945594525745,2.073462229132913,18.697790859641167,14.59941697293787,14.793075501364646,0.2664440190608072,0.1237822943857112,0.0356731340289115,0.31877592454362863
MEGNet,megnet_emb,matbench_jdft2d,0,16,15.465107000638568,2.755551602282285,16.36373789330686,14.649923698976847,14.585445242832488,-0.0044203438616329,0.1128380541485169,39.722747802734375,0.1298689326114578
MEGNet,megnet_emb,matbench_jdft2d,1,16,15.526212524992207,2.758735116421573,16.06382798777291,14.491726832137388,14.364524365264014,-0.0002982848620432,0.090640073161932,57.55757522583008,0.5341936998128202
MEGNet,megnet_emb,matbench_jdft2d,2,16,15.622658646193312,2.763909969821916,16.17263048963175,14.7139016857378,14.50667548984128,0.0601423874373448,-0.0043863701179596,76.45894622802734,0.9626975618885133
MEGNet,megnet_emb,matbench_jdft2d,3,16,15.50219147811474,2.761352712157403,16.16113327467603,14.6788529741276,14.262143936707885,0.0202401157855326,0.0173718675030351,48.46316146850586,0.32801863357689887
MEGNet,megnet_emb,matbench_jdft2d,4,16,15.5398641047132,2.759611936093875,16.290951624146253,14.689167318006469,14.602692640443871,0.0282495465791867,0.0995850078380687,52.31320571899414,0.415301129132632
MEGNet,megnet_emb,matbench_phonons,0,16,15.45376941402882,2.7580798681181022,13.297111887634202,12.077961275573411,12.002662180939438,0.0071937836140646,0.0799522205068168,34.53242874145508,0.5492125035382345
MEGNet,megnet_emb,matbench_phonons,1,16,15.438597437147989,2.750543682246515,13.523262663766502,12.244421143320729,12.09829162060881,0.0130527883809701,0.0560253921968217,33.92302703857422,0.5012348719365649
MEGNet,megnet_emb,matbench_phonons,2,16,15.447111658002004,2.7608961425825105,13.30339402128824,12.0356245143993,11.970078428442362,-0.0163261007876088,0.1081685974176848,33.61100387573242,0.47666957734148535
MEGNet,megnet_emb,matbench_phonons,3,16,15.484201262737503,2.7573034197923523,13.567303090642508,12.290739429743862,12.117221123690973,-0.0093373323524418,0.0726239007387956,32.78507995605469,0.4116453521678772
MEGNet,megnet_emb,matbench_phonons,4,16,15.549827520931618,2.7655315258795925,13.531781749510545,12.433015252188842,12.24948648659317,-0.019158106594262,0.0754774155337277,27.99004173278809,0.03413643431572991
MEGNet,megnet_emb,matbench_dielectric,0,16,15.478307978669717,2.76545559735254,17.035371665576854,15.26737082890683,15.169212535004016,-0.0164051629961648,0.0911165128934206,0.2311006188392639,0.09147799169081694
MEGNet,megnet_emb,matbench_dielectric,1,16,15.524093749528138,2.752167492130172,16.94842727325627,15.47201143247771,15.186136726243369,0.009003738455006,0.071726150579263,0.3158994019031524,0.4169293858975389
MEGNet,megnet_emb,matbench_dielectric,2,16,15.590480392971513,2.761394142381404,17.218422928014636,15.75367744119985,15.26598657312481,0.0421307094524358,0.0814534512717228,0.4596931040287018,0.9687988720391972
MEGNet,megnet_emb,matbench_dielectric,3,16,15.62857014885703,2.765478223231111,17.052153376772903,15.667259954437696,15.531067221965538,0.0717412138234969,0.0433346123326466,0.3464860916137695,0.534318815920242
MEGNet,megnet_emb,matbench_dielectric,4,16,15.393990923369184,2.7576561830734523,17.001711090073368,15.328305507512534,14.970692757650324,0.0299782349800829,-0.0346073884129776,0.3560441136360168,0.5710017903758461
MEGNet,megnet_emb,matbench_log_gvrh,0,16,15.53546289691884,2.761762032243825,18.071010787759977,16.339206633061906,16.049941904530034,0.0060450702069862,0.0523060725899462,0.1087438315153122,0.5789620027186195
MEGNet,megnet_emb,matbench_log_gvrh,1,16,15.636922260717729,2.7554496359410496,17.937317910815334,16.32803753257744,16.048395936088642,0.0717614165890028,0.0439664156330044,0.1061835289001464,0.49455465802839627
MEGNet,megnet_emb,matbench_log_gvrh,2,16,15.576670792075491,2.7524263854149766,17.80329663924554,16.10738373067813,16.01068463219283,0.0272872333293106,0.087218650965634,0.1062021404504776,0.49516823844452346
MEGNet,megnet_emb,matbench_log_gvrh,3,16,15.615256940860588,2.7527617732073364,17.856702158530496,16.33737145854182,16.19025013512052,0.0094796576934564,-0.0023004682889308,0.1125970259308815,0.7059930447785993
MEGNet,megnet_emb,matbench_log_gvrh,4,16,15.54063613576357,2.7612718937850365,17.960619408825785,16.17961515115785,16.030786465115792,0.0726130619030099,0.0458762745597587,0.1069059297442436,0.5183705681833259
MEGNet,megnet_emb,matbench_log_kvrh,0,16,15.67550438914769,2.7655019214984806,17.79937092660415,16.18186876294365,16.13173773335775,0.0132875337489221,0.1098270599846205,0.074585385620594,0.5844117747561381
MEGNet,megnet_emb,matbench_log_kvrh,1,16,15.544290029162536,2.761197921629515,17.743124414463523,16.164786024045426,16.149098605804564,0.0415856513630411,0.052828741219952,0.0723627209663391,0.479859075826914
MEGNet,megnet_emb,matbench_log_kvrh,2,16,15.61037790139048,2.762953675596404,17.920627883547922,16.24683442902079,15.95747617009917,0.0292193693882982,0.0954701939828665,0.0698293298482894,0.360690006247134
MEGNet,megnet_emb,matbench_log_kvrh,3,16,15.612646786184438,2.75803257835174,18.007735449590964,16.324470688365757,16.039206050105932,0.0051650041398888,0.0107166259226448,0.0818146988749504,0.9244739657397595
MEGNet,megnet_emb,matbench_log_kvrh,4,16,15.690764868125736,2.758650634751882,17.83345043219547,16.169931260272516,15.957254782135063,0.0536484482359824,0.1014390787905599,0.0757822394371032,0.6407109994278548
MEGNet,megnet_emb,matbench_perovskites,0,16,15.521608602707154,2.758890993913938,11.77723869730097,10.7307945811709,10.476389522463275,-0.0213591560275087,0.1186667828879595,0.0465876758098602,0.6374645847407042
MEGNet,megnet_emb,matbench_perovskites,1,16,15.448496081995106,2.7632053322227974,11.750223289628376,10.775336225657624,10.673985106628084,-0.0339089883814441,0.0346050007805383,0.0460363253951072,0.5935748698005471
MEGNet,megnet_emb,matbench_perovskites,2,16,15.475818103956382,2.7428393444600947,11.764981612566524,10.660611798824196,10.68531776609883,-0.0057738871298193,0.0482113385320334,0.043505847454071,0.3921386279430182
MEGNet,megnet_emb,matbench_perovskites,3,16,15.483045566663684,2.752932787502617,11.96851379544564,10.994221892970485,10.68304690345788,-0.0166442953020134,0.0752280104840577,0.0431813895702362,0.36631047283411944
MEGNet,megnet_emb,matbench_perovskites,4,16,15.43795067362598,2.758724699664877,11.860526282241857,10.81972164425184,10.606719689190747,-0.0530610570271311,-0.0321003564554286,0.0444398149847984,0.46648620725036577
MEGNet,megnet_emb,matbench_mp_gap,0,16,15.53497920817827,2.7621075871941416,17.96048871390948,16.169367234721737,15.96064406578246,0.1021299469193039,0.0543993169763817,0.2588775753974914,0.20836450642989127
MEGNet,megnet_emb,matbench_mp_gap,1,16,15.494560747223543,2.7615114900531936,17.745009442100393,15.994638481195922,16.00635418434384,0.0686023688663282,0.063936957199495,0.2637265026569366,0.32320125351138373
MEGNet,megnet_emb,matbench_mp_gap,2,16,15.618379671816594,2.7690569647710124,18.034234436570404,16.4483916086972,15.789500440737545,0.0483877050726004,0.0108284073389216,0.2635432779788971,0.31886195847037774
MEGNet,megnet_emb,matbench_mp_gap,3,16,15.487811745710438,2.762574929861527,17.958483888402007,16.0705242867493,15.850007251693034,0.0489326486440606,0.0491260417968873,0.250079482793808,0.0
MEGNet,megnet_emb,matbench_mp_gap,4,16,15.326491545917047,2.761354805268703,18.098273023808517,16.045839768240434,15.734014678052082,0.0298775063299801,0.0719718462890542,0.2739230692386627,0.5646857046060905
MEGNet,megnet_emb,matbench_mp_e_form,0,16,15.611830656248271,2.758877871810961,17.905615961417233,15.425868185595904,15.491948820597251,0.14879848628193,0.0752526481011253,0.0372152626514434,0.44100571875353867
MEGNet,megnet_emb,matbench_mp_e_form,1,16,15.490655045153083,2.7649787324322803,18.16088562187788,15.374463742013631,15.393132941855775,0.0766853205887559,0.0924972348593981,0.0395881421864032,0.6290811963792995
MEGNet,megnet_emb,matbench_mp_e_form,2,16,15.50705555056817,2.7641537250968984,18.25912653031906,15.794935015489733,15.462006180519818,0.0802705719395919,0.0417858607981432,0.0374767705798149,0.4617329523980507
MEGNet,megnet_emb,matbench_mp_e_form,3,16,15.467308331361318,2.761423941876512,18.017254745037803,15.536041613527637,15.638886759882018,0.0939467763622082,0.0566217423182266,0.0405208058655262,0.7030045305945063
MEGNet,megnet_emb,matbench_mp_e_form,4,16,15.55651885445938,2.7635309143866262,17.981620433276124,15.286810774376418,15.31402706110952,0.1350398224828624,0.0495542631861813,0.0339016169309616,0.17836469868475946
MEGNet,megnet_emb,matbench_jdft2d,0,32,29.85981457937549,3.452922791802365,16.162835235376726,15.299805721268497,14.964066757126082,0.0163067985473715,0.0365168335148678,35.92290496826172,0.04372452913602207
MEGNet,megnet_emb,matbench_jdft2d,1,32,30.190962534198704,3.4550549857801043,15.798012548125808,15.049564022044589,14.885189776187351,0.0028359377957134,-0.0148959287029385,57.22069549560547,0.5265564619934323
MEGNet,megnet_emb,matbench_jdft2d,2,32,29.93102356212621,3.442587434512467,15.98398172843322,15.147872654041045,14.969295335699686,0.0189404919662083,-0.030997091952349,77.21370697021484,0.9798083785024437
MEGNet,megnet_emb,matbench_jdft2d,3,32,30.020771832338408,3.4529651798184724,15.699149641393918,14.835179639338886,14.69693538659993,0.0080606752735969,0.0342557911477518,40.14830780029297,0.1395165979833285
MEGNet,megnet_emb,matbench_jdft2d,4,32,30.148963924745978,3.448171169232635,16.12174320230666,15.31406542666297,15.073998805530604,0.0334065029496501,0.0167701482242564,54.26488876342773,0.4595467937455439
MEGNet,megnet_emb,matbench_phonons,0,32,29.70136595178387,3.4510869785526106,13.207643166510849,12.552815310090027,12.126527733029333,0.0271260902779742,0.0274277475370448,37.96909713745117,0.8197782230968433
MEGNet,megnet_emb,matbench_phonons,1,32,29.647060173225785,3.45389007019887,13.493462594269676,12.833061245369576,12.5935531433024,-0.0386199486659105,-0.0195213716198297,36.47252655029297,0.701954606987572
MEGNet,megnet_emb,matbench_phonons,2,32,29.67222408026344,3.4506041021931213,13.248171937287472,12.616128358186035,12.271410499662922,-0.0136772305253909,0.015415935153199,33.81334686279297,0.4925998532899762
MEGNet,megnet_emb,matbench_phonons,3,32,29.790834284121967,3.4542283885682328,13.33194151587705,12.693640134519914,12.573480207831995,0.0412863809291778,0.0192252469041396,33.98191452026367,0.5058710288246907
MEGNet,megnet_emb,matbench_phonons,4,32,29.79831507464605,3.45330794440178,13.283453742473265,12.677222634180382,12.555859646293005,-0.0393477490251683,-0.0036968246562052,28.44224739074707,0.06973816690555201
MEGNet,megnet_emb,matbench_dielectric,0,32,30.132254832671805,3.455939853155283,16.794494012187055,15.896149650505867,15.615860052027982,-0.0065663593668464,0.0185695676484242,0.2289895415306091,0.08337583469568366
MEGNet,megnet_emb,matbench_dielectric,1,32,29.954627837001677,3.4454962444647346,16.70313591939604,15.78787617856861,15.28385050929976,0.0101499286054259,0.0433059318086809,0.3319684863090515,0.47860133134969507
MEGNet,megnet_emb,matbench_dielectric,2,32,30.35821223011078,3.460339599731186,16.873945625047195,15.98296548869606,15.774851605762093,0.0167888400430906,0.0274608549276745,0.460330605506897,0.9712455550857116
MEGNet,megnet_emb,matbench_dielectric,3,32,30.200539378060064,3.452458886321557,16.713762807163015,15.7785747838083,15.653124605396052,0.0525566663396304,0.0345713105386131,0.345455139875412,0.5303621001693155
MEGNet,megnet_emb,matbench_dielectric,4,32,30.205148612305493,3.454882225963761,16.612554941392037,15.798361863868024,15.513934942413997,0.0261451895581588,0.0213911987461019,0.3485632538795471,0.5422908095145558
MEGNet,megnet_emb,matbench_log_gvrh,0,32,30.328283166433224,3.456524177498408,17.624306974625398,16.683754431424415,16.578632996507295,0.0186743922013859,0.028039980363428,0.1076867207884788,0.5441114702202253
MEGNet,megnet_emb,matbench_log_gvrh,1,32,30.466269801337912,3.459068395972495,17.525217168029798,16.616905858579972,16.551260081774945,0.0316497768371928,0.0214538060560603,0.1095267906785011,0.6047743826983101
MEGNet,megnet_emb,matbench_log_gvrh,2,32,30.397210750640653,3.45412163114868,17.616440133982824,16.689335758410376,16.43559660491568,0.0704303207277359,0.0001287010615978,0.0996569991111755,0.2793898387349532
MEGNet,megnet_emb,matbench_log_gvrh,3,32,30.40102420046224,3.451590719416947,17.4849711809404,16.656588629877536,16.568270781754553,0.0203635568831736,-0.0224832615130895,0.1059641912579536,0.4873235956303642
MEGNet,megnet_emb,matbench_log_gvrh,4,32,30.484469483431287,3.456322585230729,17.500490949424076,16.677294867142727,16.56396457617987,0.0125271187626845,0.0579240155801971,0.1097924932837486,0.6135339923059281
MEGNet,megnet_emb,matbench_log_kvrh,0,32,30.53804130718535,3.454069755321492,17.540702917701417,16.740742632245578,16.56017126628068,0.0014546884214664,0.0251751514601674,0.0765121579170227,0.6750458897262221
MEGNet,megnet_emb,matbench_log_kvrh,1,32,30.38273725568973,3.457833822243636,17.59248738009646,16.723794376823562,16.549163315514136,0.0109868331413424,0.0093014980492181,0.0719734281301498,0.4615469941462667
MEGNet,megnet_emb,matbench_log_kvrh,2,32,30.463189353740923,3.456471585443359,17.53999395236471,16.734740509793586,16.408070462728578,0.0314633117956081,-0.0358573880668074,0.0671965554356575,0.23684601116423884
MEGNet,megnet_emb,matbench_log_kvrh,3,32,30.327959482318736,3.448556267190403,17.542556045520413,16.58023443577865,16.457384254903843,0.0349482867043979,0.0321812946857107,0.0794725269079208,0.8142997205874222
MEGNet,megnet_emb,matbench_log_kvrh,4,32,30.51899838277924,3.459117119297374,17.458024728876776,16.637947574289534,16.4617495987189,0.064220299056473,0.0116443549086906,0.0732844248414039,0.5232154263078889
MEGNet,megnet_emb,matbench_perovskites,0,32,29.55370323025211,3.4511775493439867,11.60988727093185,11.05498433817774,10.964922256801124,-0.0057738871298193,0.0158327743660079,0.0416939742863178,0.2479062219947377
MEGNet,megnet_emb,matbench_perovskites,1,32,29.480041740421186,3.455940129477954,11.57908698987684,11.054633099752968,10.929527009269371,0.0010349428083737,-0.0072124267153676,0.0447780676186084,0.4934124800497235
MEGNet,megnet_emb,matbench_perovskites,2,32,29.52739341971248,3.449344464855737,11.625000898306922,11.108069275991276,10.923799244016438,-0.0070976735266857,-0.0114296300728252,0.0406564064323902,0.1653116394544241
MEGNet,megnet_emb,matbench_perovskites,3,32,29.52994386231352,3.4523164203632724,11.519889718444052,10.972616670671917,10.964634385269418,0.0212174034653094,0.0293687436470799,0.0392822101712226,0.0559200790953095
MEGNet,megnet_emb,matbench_perovskites,4,32,29.44300594368033,3.44400733265127,11.653996416218895,10.991223949526931,10.910214322991507,-0.0258006896722816,0.0239157816345705,0.0400415956974029,0.11637022728040844
MEGNet,megnet_emb,matbench_mp_gap,0,32,29.921609081579124,3.454616625357482,17.634195937842854,16.327724958368904,16.147540502575623,0.0890455624869267,-0.0408738724235444,0.2639215588569641,0.32782075351844314
MEGNet,megnet_emb,matbench_mp_gap,1,32,30.1159779501872,3.4530247041462827,17.5380679257078,16.493093000499105,16.440806562536075,0.0415856513630411,0.0235882424619973,0.2691919207572937,0.4526383026778284
MEGNet,megnet_emb,matbench_mp_gap,2,32,30.04058827692944,3.4516528856165207,17.659449178268382,16.493113708896416,16.24442997035375,0.0180695134556232,0.0241515790837693,0.2588180303573608,0.20695430612215984
MEGNet,megnet_emb,matbench_mp_gap,3,32,29.886797020505817,3.457359697830968,17.675844797671004,16.428777013330826,16.389866193383316,0.1155521686670476,0.0183667354490096,0.2529686093330383,0.06842294716336463
MEGNet,megnet_emb,matbench_mp_gap,4,32,29.86619213370098,3.451711524035964,17.671299469835265,16.225598635008854,16.07676820119578,0.0730445493738452,0.0660789400166799,0.2666139304637909,0.39158396973504095
MEGNet,megnet_emb,matbench_mp_e_form,0,32,30.19653588174994,3.4571369924796733,17.706388611364826,16.10823367137487,16.045303340069623,0.0870348545806748,0.016291148723292,0.0326036252081394,0.07548530273253055
MEGNet,megnet_emb,matbench_mp_e_form,1,32,30.07382554135253,3.448606339881512,17.66189600395903,16.115896962936265,16.027887640193683,0.0766772286462834,0.0457456061078493,0.0316512547433376,0.0
MEGNet,megnet_emb,matbench_mp_e_form,2,32,30.14611591894232,3.453118531817146,17.674658021589025,16.067463631174483,16.039688673114345,0.0725747779653804,0.0156923783295756,0.0384587310254573,0.5395635700517735
MEGNet,megnet_emb,matbench_mp_e_form,3,32,30.29259493327405,3.4574688495930848,17.575771881445764,15.92216483828768,15.903482664726134,0.0953739037289951,0.0145302894580544,0.0338867716491222,0.17718805510412305
MEGNet,megnet_emb,matbench_mp_e_form,4,32,30.150114206977246,3.453662790544373,17.601358071029463,15.987926440774688,15.91899571753111,0.0985909806613105,0.0362942350552896,0.0368960164487361,0.41570212404096396
MEGNet,megnet_emb,matbench_jdft2d,0,64,54.656058749698616,4.143789000971652,16.001059094742985,15.51942522143364,15.409286839459316,-0.0051203912652349,-0.0208871039826303,40.70787811279297,0.1522023465452333
MEGNet,megnet_emb,matbench_jdft2d,1,64,54.68742270114504,4.145213652269886,15.733098477132554,15.299286296197645,15.122561502796732,0.0242268114466475,0.0192257952483196,55.52278518676758,0.48806395662381696
MEGNet,megnet_emb,matbench_jdft2d,2,64,54.38590641317342,4.145777260029557,15.786935001062472,15.323047403510769,15.07183973333224,0.0062326111244988,-0.0024772254953759,77.83573913574219,0.9939101695964755
MEGNet,megnet_emb,matbench_jdft2d,3,64,53.63403622323863,4.148370199317368,15.56984196759451,14.953368034585443,14.805703507692671,-0.0110656315348925,-0.026926552841221,40.84873962402344,0.15539574990063315
MEGNet,megnet_emb,matbench_jdft2d,4,64,54.50962488049508,4.147751931936851,15.89624314798358,15.421449553752812,15.335710003086955,0.0053911821324846,-0.0164105194023144,52.99245071411133,0.4306999646810938
MEGNet,megnet_emb,matbench_phonons,0,64,51.451246349577744,4.146806603170853,13.038615916705387,12.689718009107477,12.540501054988766,-0.0290162210511931,-0.0569593792667341,40.25823593139648,1.0
MEGNet,megnet_emb,matbench_phonons,1,64,51.34207931440672,4.140835414083854,13.265984152154134,12.935779052966543,12.682613093619487,-0.0070498703397229,-0.0167587477224403,37.759864807128906,0.8033055555346998
MEGNet,megnet_emb,matbench_phonons,2,64,51.18936716443878,4.146229991317996,13.094766825965754,12.760979917067411,12.516230098237443,-0.0090557163254865,-0.0048550949254002,31.927976608276367,0.3441663995002549
MEGNet,megnet_emb,matbench_phonons,3,64,51.308077583626094,4.143470177042132,13.244792281592629,12.861101626023142,12.788140352196756,-0.044364017213492,-0.0660013869279456,34.34384536743164,0.5343655091791373
MEGNet,megnet_emb,matbench_phonons,4,64,52.21423625995787,4.149152878488506,13.267219751936446,12.95869128035696,12.56135564812712,-0.013727789302787,-0.0016514227756893,32.41223907470703,0.38229193492802277
MEGNet,megnet_emb,matbench_dielectric,0,64,55.55154434172151,4.146492985364195,16.60299091113074,16.15742194264456,16.044958047671408,0.0129479021727701,0.0022555871524033,0.2270934581756591,0.07609880843298694
MEGNet,megnet_emb,matbench_dielectric,1,64,54.91605698620153,4.15045332592781,16.528093020650484,16.13477055678782,15.73899004314351,-0.0146705326343808,-0.0399003678006431,0.3171967566013336,0.42190853630569514
MEGNet,megnet_emb,matbench_dielectric,2,64,55.25777648263799,4.147837933433633,16.64084715126805,16.139428041855645,15.878277852244862,-0.009291793782125,-0.0163179752291183,0.4486435949802398,0.9263916818037855
MEGNet,megnet_emb,matbench_dielectric,3,64,55.188756715966576,4.148744098012886,16.623255771752223,16.25660688800154,16.02753874722047,-0.0179077755179246,0.0050965143043945,0.3516570627689361,0.5541646168981146
MEGNet,megnet_emb,matbench_dielectric,4,64,54.84101017925399,4.148319657603225,16.481880645826912,16.10326214775019,15.735028284567582,-0.0035604059636799,-0.0220349014487389,0.3549110293388366,0.5666530974943316
MEGNet,megnet_emb,matbench_log_gvrh,0,64,56.223925631218094,4.148932604325566,17.358193963695694,16.89842412271882,16.806694938121115,0.0258765392310894,0.0097953206773866,0.1071253195405006,0.5256033499820446
MEGNet,megnet_emb,matbench_log_gvrh,1,64,55.73955794897114,4.146473727248425,17.393582847128215,16.93737946060933,16.845773137741528,0.0195928240274138,-0.0122467380251422,0.1089772880077362,0.5866585314451381
MEGNet,megnet_emb,matbench_log_gvrh,2,64,56.07213430348207,4.148362272326812,17.360238588764005,16.856441181145964,16.8213375430988,-0.0365522059218657,-0.0576272747583706,0.1044723689556121,0.4381416127880166
MEGNet,megnet_emb,matbench_log_gvrh,3,64,56.42612718621707,4.148497220832191,17.41118129375853,16.918725788923503,16.680879475886123,0.0379533597334841,-0.0231637895629748,0.1067263409495353,0.5124499347364616
MEGNet,megnet_emb,matbench_log_gvrh,4,64,56.05595463954827,4.147015319760843,17.365395471082117,16.90835549102368,16.806345523625673,0.0216431041059146,-0.0076008500264236,0.1110226064920425,0.6540880225074464
MEGNet,megnet_emb,matbench_log_kvrh,0,64,55.814296727187084,4.1444869946927945,17.421341272681627,16.853739872422068,16.78760305149044,0.0113431101342731,-0.0071084718375865,0.0705998092889785,0.39693285774491316
MEGNet,megnet_emb,matbench_log_kvrh,1,64,56.54285435950399,4.148102166040118,17.395442772723264,17.006003758983294,16.75049728075058,0.0395208054546613,-0.016941770442765,0.0747167468070983,0.5905909194855417
MEGNet,megnet_emb,matbench_log_kvrh,2,64,56.21958642919448,4.150534868322367,17.45394486293475,16.992204550710728,16.876155207909097,-0.0007742197514881,-0.0251094866279513,0.0720055177807807,0.4630564704294898
MEGNet,megnet_emb,matbench_log_kvrh,3,64,56.1299127703282,4.146941223963969,17.402722714067156,16.953044069795748,16.810983280285416,0.0067785056992464,-0.0136047384811996,0.0834202915430069,1.0
MEGNet,megnet_emb,matbench_log_kvrh,4,64,56.68922235848364,4.145842963846757,17.351096622163574,16.965260533632755,16.844820358807613,0.0366241845490965,-0.0279628281288382,0.072824440896511,0.501578080876314
MEGNet,megnet_emb,matbench_perovskites,0,64,47.65883286446814,4.14172333232735,11.49299767533973,11.196784430274612,11.08908867088207,0.0605235335208714,-0.0169982415938331,0.0387548208236694,0.013937761666646857
MEGNet,megnet_emb,matbench_perovskites,1,64,47.85564274331484,4.143462554946394,11.555468093078366,11.334824801723585,11.150048862710008,0.0132537840292723,-0.0043440067111943,0.0416468903422355,0.24415815029888888
MEGNet,megnet_emb,matbench_perovskites,2,64,47.44649595435404,4.141322294293747,11.516504241537682,11.22516292893941,11.13000793237755,0.004340827464193,-0.0038521770457742,0.0394978262484073,0.07308398776560783
MEGNet,megnet_emb,matbench_perovskites,3,64,47.86159912921882,4.140293754152163,11.534932800623034,11.249459847748492,11.139518296894115,0.0176479132371453,0.0057780221433993,0.0399038419127464,0.10540447087808495
MEGNet,megnet_emb,matbench_perovskites,4,64,47.54582507508101,4.137009976019611,11.535257723209094,11.14761524580637,11.057354821279477,0.0049732472781552,-0.0111553776656167,0.0401385016739368,0.12408433354071835
MEGNet,megnet_emb,matbench_mp_gap,0,64,55.17119332512168,4.146741816387391,17.44951352084341,16.480014822462213,16.53794824164143,0.0440881504199179,-0.0379287077283912,0.2694936394691467,0.4597838822151007
MEGNet,megnet_emb,matbench_mp_gap,1,64,56.02273080303661,4.146928471356429,17.47417050215822,16.612338835227533,16.618324477143904,0.0942426830425529,-0.0135678821788087,0.2571224272251129,0.1667974760378879
MEGNet,megnet_emb,matbench_mp_gap,2,64,55.72457515018431,4.144045290171787,17.51298377335407,16.787554475153204,16.51274289415353,0.0771908808445326,-0.0333424895001144,0.2687797844409942,0.4428777120593999
MEGNet,megnet_emb,matbench_mp_gap,3,64,55.56541530629798,4.148479775128292,17.44416558167696,16.579331413021155,16.529850080544804,0.019997041459905,0.0138638523660213,0.2595172524452209,0.22351392555158633
MEGNet,megnet_emb,matbench_mp_gap,4,64,55.55691293224668,4.144253565525229,17.45129563592505,16.647915523013744,16.523334253677888,0.052706498392242,-0.0346148343375823,0.2642871439456939,0.33647887522762154
MEGNet,megnet_emb,matbench_mp_e_form,0,64,55.76398474442632,4.1416387456179775,17.689366938270737,16.55693825647494,16.5653958063651,0.1547199373286329,0.016160893458143,0.0335848741233348,0.15325952416946564
MEGNet,megnet_emb,matbench_mp_e_form,1,64,56.33662800433819,4.147215321740662,17.551780073887617,16.6455801122415,16.530088736062716,0.1112647674740211,0.0126019042907841,0.0372017286717891,0.4399330095619603
MEGNet,megnet_emb,matbench_mp_e_form,2,64,56.60394433914521,4.144324161526933,17.48089806832442,16.48012068186063,16.485923477684608,0.1114190612050811,0.0022890168081512,0.037448763847351,0.45951312644090453
MEGNet,megnet_emb,matbench_mp_e_form,3,64,56.12734666152505,4.144288363306223,17.617671808024532,16.46712383411234,16.434610176233562,0.1109668049213065,-0.0008130481162987,0.035722903907299,0.32272070703730193
MEGNet,megnet_emb,matbench_mp_e_form,4,64,56.23827757770458,4.14876113664381,17.516273087580476,16.373095699458073,16.333701540285084,0.1750699803941567,-0.0070531877502129,0.0328975394368171,0.09878107402017926
MEGNet,megnet_hm,matbench_jdft2d,0,8,5.503349975555513,2.0686796446093263,28.194015496903987,18.88363300781587,15.916808808241935,0.0733539462818843,-0.055320122009281,35.54682159423828,0.03519852442383656
MEGNet,megnet_hm,matbench_jdft2d,1,8,5.428656365336479,2.062654648728363,23.001887719025664,11.026476754088623,8.801396227132146,0.1192233085509114,-0.1603070052204354,53.650299072265625,0.44561372739685134
MEGNet,megnet_hm,matbench_jdft2d,2,8,5.111406579593839,2.057262512734004,24.624314994874517,15.606942466995594,9.803214886248435,0.1446943861014499,-0.0428430096232443,72.97830200195312,0.883789556050689
MEGNet,megnet_hm,matbench_jdft2d,3,8,4.984070606447996,2.068215174080725,25.544096254946485,18.092827486726478,9.097382675069792,0.160720643809123,-0.0748275417138984,45.44623947143555,0.259623450646758
MEGNet,megnet_hm,matbench_jdft2d,4,8,5.182245077374966,2.0686635215471427,26.289612792895344,18.144434404448862,9.728626234883771,0.0333949407716635,-0.1066839412350367,51.41798400878906,0.39500598968521894
MEGNet,megnet_hm,matbench_phonons,0,8,5.695716791041648,2.061897231444859,20.69616632243804,12.942195100167329,9.211832241768256,0.0563523713495276,0.1570219429011753,37.15433120727539,0.7556324561014931
MEGNet,megnet_hm,matbench_phonons,1,8,6.09565842090141,2.064147460202985,19.998217804717765,14.48410091145358,9.126102374969404,0.0905019915252312,0.2186974214063121,31.56780433654785,0.31581037016125335
MEGNet,megnet_hm,matbench_phonons,2,8,5.970036276321802,2.061678669531147,19.0923433336434,13.35308149022388,9.308984189615495,0.0664643872252137,0.2256945617609095,31.6718807220459,0.32400420758942816
MEGNet,megnet_hm,matbench_phonons,3,8,5.943999688557419,2.078504487505966,18.455530090211813,11.564958005771054,10.24324051528625,0.0549893666970475,0.0569258287327371,31.14019203186035,0.2821448494945862
MEGNet,megnet_hm,matbench_phonons,4,8,5.587099167322887,2.069616314003321,20.617866556043744,13.266855136027855,9.45685001882192,0.1277473845858527,0.1191651062165695,27.55644798278809,0.0
MEGNet,megnet_hm,matbench_dielectric,0,8,5.394975299356897,2.056079170316366,33.72035742029086,28.76155976510784,9.600079173705648,0.3118243591620341,0.1859505322672392,0.2190350592136383,0.04517127524789686
MEGNet,megnet_hm,matbench_dielectric,1,8,5.519411375311242,2.0688891365415447,32.71525315487102,28.12542750593152,9.784104103570185,0.2721380394480064,0.2007426014721984,0.302244633436203,0.3645234046490754
MEGNet,megnet_hm,matbench_dielectric,2,8,4.70945337825002,2.0542340282927407,39.540000342816654,34.2334032251436,8.850462282167747,0.4484474820696183,0.2670515962487058,0.4581956267356872,0.9630516660629355
MEGNet,megnet_hm,matbench_dielectric,3,8,4.962366042661758,2.054508587740462,36.16786368934748,29.843081055807787,9.212432255279955,0.3859886857812169,0.2453481696283767,0.355884850025177,0.5703905485357934
MEGNet,megnet_hm,matbench_dielectric,4,8,4.858285048149459,2.039419388706108,37.82149140469229,32.62121798956244,9.0164533160869,0.380973187597191,0.2310261329081957,0.3252992331981659,0.4530052361602164
MEGNet,megnet_hm,matbench_log_gvrh,0,8,6.1585792885875525,2.0574275351522724,24.754347220284973,16.745808658604773,12.351562288157275,0.4062429881871576,0.4068998210668267,0.095697320997715,0.1488482717321204
MEGNet,megnet_hm,matbench_log_gvrh,1,8,6.055435257323618,2.0425706368580205,26.503677149187084,19.054341781025915,12.0057102059941,0.2817769523732623,0.3118942498360171,0.0980541706085205,0.2265482343474365
MEGNet,megnet_hm,matbench_log_gvrh,2,8,6.29748601078327,2.045989387196286,24.99645530238291,18.003736791530272,12.308100770718886,0.4105792858570538,0.463985003554539,0.0946890637278556,0.11560832641888456
MEGNet,megnet_hm,matbench_log_gvrh,3,8,6.032692815558233,2.038444101537803,27.24680343521129,20.725545185851303,11.662857132833212,0.2800249737642636,0.2733442356687139,0.0992141291499137,0.2647894249980211
MEGNet,megnet_hm,matbench_log_gvrh,4,8,6.489482063946306,2.039069794691965,25.59976822183626,19.100340047557808,12.482085383553406,0.3561892182380897,0.4142665224853796,0.0992723032832145,0.26670729364858187
MEGNet,megnet_hm,matbench_log_kvrh,0,8,6.325250885265803,2.0336026917969687,26.027996755077368,19.496901347955085,11.90901818010577,0.4556530396366125,0.4347552385520712,0.0662681236863136,0.19317318585536367
MEGNet,megnet_hm,matbench_log_kvrh,1,8,6.2054900013117935,2.048378751794157,27.41877144724856,21.20039370506555,11.704851172256548,0.4207102334575537,0.4533423778723752,0.0686960890889167,0.307383098386695
MEGNet,megnet_hm,matbench_log_kvrh,2,8,6.6152087441380125,2.042925525924539,24.23221039949869,17.766468328584537,12.664862052518568,0.3793351631594998,0.361586955315178,0.0671212598681449,0.2333041566673046
MEGNet,megnet_hm,matbench_log_kvrh,3,8,6.261720236844392,2.019994809796123,25.55435520606962,18.58142724544626,12.25483355227683,0.5312283251312878,0.3457850723032554,0.0752314403653144,0.6148017695253638
MEGNet,megnet_hm,matbench_log_kvrh,4,8,6.514765047110235,2.0184929800753544,24.36322183258782,17.27148139637553,12.310310128571942,0.3236878597111267,0.3976777069630358,0.0679202303290367,0.27088720721478643
MEGNet,megnet_hm,matbench_perovskites,0,8,6.749319375474191,2.0606180194393406,13.96933504779377,10.24166265321288,9.615838418416407,0.1759834470164621,0.2015124259518439,0.0452129356563091,0.5280297283559929
MEGNet,megnet_hm,matbench_perovskites,1,8,6.887238717621073,2.0626390769636203,14.358284511954643,10.751189839465864,8.951542013309355,0.2187623429970771,0.2079400999552784,0.0420187599956989,0.2737604733382491
MEGNet,megnet_hm,matbench_perovskites,2,8,6.619054042544302,2.0606939756058207,13.47497287246259,9.257363133054684,9.2317888762605,0.2137444023424044,0.2220343085524205,0.0446749813854694,0.4852064004573974
MEGNet,megnet_hm,matbench_perovskites,3,8,6.6453561330823305,2.0656351532447723,13.655952564288889,9.55196885282291,9.376267251801142,0.1514831590777509,0.0712637351813221,0.0450346283614635,0.5138357491131734
MEGNet,megnet_hm,matbench_perovskites,4,8,6.689306380305613,2.059729821581027,14.56725139104233,10.546121601886448,9.200126745863392,0.1134583606300906,0.0363827397173205,0.04295190051198,0.34804221896282805
MEGNet,megnet_hm,matbench_mp_gap,0,8,6.648802004755282,2.0439962881703293,21.59326862203821,15.01137638107202,12.65127700745906,0.2543479095481245,0.1843003913509711,0.2865048944950104,0.8626600415013915
MEGNet,megnet_hm,matbench_mp_gap,1,8,6.679989770230469,2.0232958810480426,22.603310996009128,17.00154810730315,12.922743677717468,0.3362114364796512,0.2027242058510042,0.2847338020801544,0.8207154049208802
MEGNet,megnet_hm,matbench_mp_gap,2,8,6.130822450167237,2.039599531126117,23.871557022170958,16.919977561115573,11.910725246414431,0.3633806932320391,0.2707163090421104,0.2795590460300445,0.698162081280614
MEGNet,megnet_hm,matbench_mp_gap,3,8,6.89668707135293,2.045628260945717,22.29450797471469,16.96111072870474,12.179987083683958,0.2561973852659348,0.1307402850066751,0.2729722857475281,0.5421683770697767
MEGNet,megnet_hm,matbench_mp_gap,4,8,6.873963852832799,2.061842705717951,20.93447644533781,15.3520968668391,13.2584328063775,0.3922307255111886,0.089610155474943,0.2903774678707123,0.95437387953304
MEGNet,megnet_hm,matbench_mp_e_form,0,8,6.733993285303139,1.9936770645779136,24.127136011858852,17.255556888430018,12.194727570204916,0.4123316994084939,0.2491246595692928,0.042295217514038,0.8436451798064878
MEGNet,megnet_hm,matbench_mp_e_form,1,8,6.800277261151615,1.9627047767454049,23.543455379191908,15.873763507392908,12.72405550929153,0.4638200220197116,0.2543393304298342,0.0424300208687782,0.8543297531085823
MEGNet,megnet_hm,matbench_mp_e_form,2,8,6.977795710327897,1.9600585195505205,23.162960974744827,15.638403688675776,12.954063717818704,0.4360810088285539,0.2636033762307951,0.042421244084835,0.8536341013454749
MEGNet,megnet_hm,matbench_mp_e_form,3,8,6.8188583935557325,1.949687990930208,24.24887715319897,16.472389050072707,12.206670164698629,0.3223509579700847,0.2149229014381966,0.0417401678860187,0.7996517016894032
MEGNet,megnet_hm,matbench_mp_e_form,4,8,6.733340758211871,1.965187513293241,24.02604560546051,16.040089077713,12.334160955575552,0.3512201403644324,0.2803401480171524,0.043384451419115,0.9299783391284586
MEGNet,megnet_hm,matbench_jdft2d,0,16,8.951851354750916,2.681532414250972,31.77089627179725,25.712560329772455,11.406436986473397,0.2165170526765987,0.0786090041112697,36.60160827636719,0.05911108435960527
MEGNet,megnet_hm,matbench_jdft2d,1,16,9.87347478127311,2.751341922799413,28.25511540838265,20.2686740763538,14.45588693787995,0.1020296154208638,0.0813353139407474,53.81731796264648,0.4494001320740291
MEGNet,megnet_hm,matbench_jdft2d,2,16,9.601929072200996,2.7524505599461984,28.10682338059644,22.114279269077937,10.047073879372515,0.2736696686562757,-0.0146651385368506,70.52222442626953,0.828109006390266
MEGNet,megnet_hm,matbench_jdft2d,3,16,9.587020322444586,2.725665868093511,32.81328447958606,27.60427041687064,12.702011670682683,0.1885310508313224,-0.0027923817440719,37.49980163574219,0.07947359263152834
MEGNet,megnet_hm,matbench_jdft2d,4,16,10.07323600655398,2.7160418651615466,26.10230515345923,18.31256993280013,12.339176984173037,0.1461273515181412,0.0338556729970434,54.82179641723633,0.4721721784569893
MEGNet,megnet_hm,matbench_phonons,0,16,9.951416270111684,2.755352418580978,19.383251178822853,11.27460751184448,10.285744774028156,0.0359205323074974,0.1262921628960338,36.13421630859375,0.6753197550227914
MEGNet,megnet_hm,matbench_phonons,1,16,10.718142932869164,2.743203549931927,18.785684021937872,12.085066334690776,10.602130969587842,0.0996580117447759,0.2606088877298302,34.048526763916016,0.511115349066995
MEGNet,megnet_hm,matbench_phonons,2,16,10.400739538861837,2.742756565629638,18.35418649994203,11.298260825003744,10.44729603218326,0.0336884316581799,0.1660774352751938,31.2317008972168,0.2893492577028396
MEGNet,megnet_hm,matbench_phonons,3,16,10.544982342215077,2.7452408680815106,18.103781463148827,11.800123705841262,10.452210429172972,0.033437226339231,0.2933233884039975,31.015586853027344,0.27233479918220793
MEGNet,megnet_hm,matbench_phonons,4,16,10.745379352698242,2.7463458966844154,17.94416984819188,11.375666547517897,10.668304105386362,0.0255439569707078,0.2512962127146821,28.68390655517578,0.08876376908112503
MEGNet,megnet_hm,matbench_dielectric,0,16,8.557920286140734,2.730037306407867,34.05375440952334,28.93941255587993,10.105002649074024,0.3636820604294665,0.2428056830717645,0.2248934805393219,0.06765545862182142
MEGNet,megnet_hm,matbench_dielectric,1,16,8.394391313353575,2.755900082470137,36.08529977064764,32.1190077776522,9.598028105801,0.2486352229830807,0.0190428186056292,0.3129140436649322,0.4054718040109771
MEGNet,megnet_hm,matbench_dielectric,2,16,8.372507764946928,2.733370711355358,36.795821234842784,31.928992412277665,9.517758947530393,0.3001297875701756,0.1724415763945396,0.442432165145874,0.9025526781462856
MEGNet,megnet_hm,matbench_dielectric,3,16,8.78435386573989,2.7473044884682047,34.36014836505044,29.422009935062874,9.670996781577434,0.3635348818304414,0.2215733737606672,0.3425777554512024,0.5193189137143615
MEGNet,megnet_hm,matbench_dielectric,4,16,8.28173134283692,2.737968086743937,34.169013920325625,28.7287566319364,10.4853148651701,0.4019048478636005,0.3859401285938504,0.3667110502719879,0.6119406962735409
MEGNet,megnet_hm,matbench_log_gvrh,0,16,10.62683770797243,2.5887184750834367,25.01195524829297,17.629163202504238,12.925139403010736,0.315096251266464,0.3952829341305739,0.0990026146173477,0.2578162727028445
MEGNet,megnet_hm,matbench_log_gvrh,1,16,10.223207222867012,2.514139674792438,26.462765200761712,18.462886173434494,12.643629275177782,0.3464485760771017,0.4177276719343684,0.0987881794571876,0.2507468339692653
MEGNet,megnet_hm,matbench_log_gvrh,2,16,10.416902096225948,2.561353698325455,24.71074782134609,17.200716234236282,12.732364595147416,0.3508471845213748,0.3661222069855784,0.0917234942317009,0.01784025588612355
MEGNet,megnet_hm,matbench_log_gvrh,3,16,10.449417145827187,2.567263281913961,25.203228080711227,18.031539816890373,12.87479497303467,0.3285930631994976,0.4716441182986641,0.0974393039941787,0.20627748277774466
MEGNet,megnet_hm,matbench_log_gvrh,4,16,10.553851327093012,2.6287900553053074,25.53360524290546,19.027378835692183,12.784781724816192,0.4084767525414944,0.4839750946030428,0.0945558249950409,0.11121574892427026
MEGNet,megnet_hm,matbench_log_kvrh,0,16,10.665988324162605,2.6182812186841056,24.98770676815352,18.789809414708348,13.211106728292854,0.2762869007740851,0.1767546026302947,0.0679345205426216,0.2715594095624128
MEGNet,megnet_hm,matbench_log_kvrh,1,16,10.845666911955776,2.5840107296747377,25.996395923104743,20.029368191993346,12.758519571928955,0.4125930973472486,0.4540047540120064,0.0682474449276924,0.28627916899948713
MEGNet,megnet_hm,matbench_log_kvrh,2,16,10.674159985583485,2.595534664563554,25.093531327708384,19.524032969970506,13.055654502171857,0.3304589707927677,0.3407420180911699,0.0621614940464496,0.0
MEGNet,megnet_hm,matbench_log_kvrh,3,16,10.734752000101338,2.554643750526192,24.76618359718785,18.06889748766573,13.53224667597086,0.3536977491961415,0.4857560272025375,0.0721549019217491,0.47008340320838277
MEGNet,megnet_hm,matbench_log_kvrh,4,16,11.113220724929386,2.59796723771837,24.774617167784957,18.745686709517003,12.958866455111757,0.3373680144218388,0.3981668580775682,0.0668515563011169,0.22061747638486245
MEGNet,megnet_hm,matbench_perovskites,0,16,10.581367997507892,2.7113662950754778,14.852932938533716,11.159456148059975,8.809103879513486,0.1380281830602455,0.1373334046100615,0.0448449365794658,0.4987355188139013
MEGNet,megnet_hm,matbench_perovskites,1,16,10.234685275389594,2.711601211733062,16.03779651901773,12.920458206741962,8.191752434701343,0.1911962744051437,0.087281258954048,0.048707365989685,0.8062004653433125
MEGNet,megnet_hm,matbench_perovskites,2,16,10.074495663551168,2.698901386431697,17.104587100690836,14.001642314344648,7.570517531547002,0.1927362867279177,0.0519068886336132,0.0453129708766937,0.535992935037578
MEGNet,megnet_hm,matbench_perovskites,3,16,10.5523262052815,2.7256145824378843,14.530482738549203,10.837804667134332,8.837553591379589,0.1909151227982763,0.1638102188312185,0.0449859872460365,0.5099637203029321
MEGNet,megnet_hm,matbench_perovskites,4,16,10.28577490856349,2.72315942075386,14.226611373170988,10.298147898735024,9.223440732864974,0.314012507145703,0.2459652646467244,0.0463507547974586,0.6186047173688839
MEGNet,megnet_hm,matbench_mp_gap,0,16,10.640598694885592,2.605027335075196,21.521559858270116,15.893758701891745,13.139205522679182,0.3253648348432241,0.1729217240796333,0.2781075239181518,0.6637858020073117
MEGNet,megnet_hm,matbench_mp_gap,1,16,11.157056852531056,2.730839371604163,21.296887153880693,16.343091707532412,13.179069392928508,0.3929667664557202,0.2223020376914088,0.2782747447490692,0.6677460792478941
MEGNet,megnet_hm,matbench_mp_gap,2,16,10.914632452987805,2.678762383292953,21.646470924774484,16.116359544599046,13.284611181477468,0.2569590152468877,0.1378302663734224,0.2656760513782501,0.36937225617933167
MEGNet,megnet_hm,matbench_mp_gap,3,16,11.211827324631956,2.626380234557821,21.333909642257336,15.711162129638224,13.121286343051672,0.3802163024572692,0.2383180443016322,0.2682055532932281,0.42927824282548166
MEGNet,megnet_hm,matbench_mp_gap,4,16,10.972069993982489,2.6104036179634327,21.080573963472908,15.7734444120381,13.210519061134365,0.2813568270309509,0.207467608818071,0.2747836112976074,0.5850658516960525
MEGNet,megnet_hm,matbench_mp_e_form,0,16,11.589916344008511,2.579253544408762,22.70516540080004,15.323037585682709,13.355010505297804,0.3680719548862478,0.2959021671223403,0.0391453765332698,0.593987395593177
MEGNet,megnet_hm,matbench_mp_e_form,1,16,11.582544966847122,2.6046697410109214,22.57725736195534,15.009875932666445,13.72720759205245,0.391434224308492,0.3135419197581961,0.0321328565478324,0.038171971257412673
MEGNet,megnet_hm,matbench_mp_e_form,2,16,12.010218405343371,2.599835546188551,22.079528902162707,14.769628734397925,13.214395184162292,0.3308527131782945,0.3066780369569311,0.0362121574580669,0.3614991590763056
MEGNet,megnet_hm,matbench_mp_e_form,3,16,11.793443283551603,2.614469603219031,22.9566027765462,15.523910974574587,12.927962669800902,0.3522580167918038,0.3010192468618232,0.0355830118060112,0.31163279744132655
MEGNet,megnet_hm,matbench_mp_e_form,4,16,12.050574794435596,2.6276929064973413,22.206308824947488,14.459038920535727,13.43292240222968,0.3237712683315017,0.2907126081855335,0.0357566550374031,0.3253958364828619
MEGNet,megnet_hm,matbench_jdft2d,0,32,17.000762058568853,3.442650892889543,26.30636094565564,21.381473748284208,12.954747328621556,0.2565377176015473,0.0494596163249469,34.29041290283203,0.0067150891983991995
MEGNet,megnet_hm,matbench_jdft2d,1,32,17.25201177146741,3.427092973623693,23.10811877064925,13.219170373960772,12.226699223337503,0.168845151333768,0.1437255258425781,58.946075439453125,0.5656717182042498
MEGNet,megnet_hm,matbench_jdft2d,2,32,16.766675376988232,3.431968963234182,25.283665921991997,17.4267587588825,13.020663895863596,0.133194351234418,0.141505095335292,72.61417388916016,0.8755345832974436
MEGNet,megnet_hm,matbench_jdft2d,3,32,17.621699365186142,3.4288346411841437,23.79929389894417,16.69732928656879,13.246978959169216,0.2572356878543602,0.0213351098084196,33.99420928955078,0.0
MEGNet,megnet_hm,matbench_jdft2d,4,32,16.158906016005357,3.4368456954756392,28.96794550880716,22.89087350804861,12.482316347426192,0.1482710185373426,0.0425090137851555,53.33243179321289,0.4384075116844697
MEGNet,megnet_hm,matbench_phonons,0,32,16.291549037161644,3.44517015325342,19.61146361750605,12.832836193568594,11.36567767270838,0.1053192111884838,0.0750671631318957,36.346981048583984,0.6920705259261543
MEGNet,megnet_hm,matbench_phonons,1,32,17.534808174872925,3.447810702112193,18.0280339961674,12.739084674935963,11.367986159066238,0.1518416712479384,0.0682307485943777,33.763973236083984,0.4887127133921326
MEGNet,megnet_hm,matbench_phonons,2,32,17.495364161079355,3.4396217019867645,18.33251950654556,12.892151482440806,11.266927324984229,0.0908908653966117,0.1712062540666003,35.508758544921875,0.6260780446271773
MEGNet,megnet_hm,matbench_phonons,3,32,17.361314642325304,3.4503818940686437,18.254625848493383,12.629304141052272,11.69225633192145,0.1491442542787286,0.0681044109999167,33.169490814208984,0.44190966296487905
MEGNet,megnet_hm,matbench_phonons,4,32,17.06908423746512,3.4458705344323217,19.996303361675988,14.457720603875018,11.711189158190054,0.0249521181843751,0.0630899565303207,31.989294052124023,0.34899386505831237
MEGNet,megnet_hm,matbench_dielectric,0,32,16.120952345982154,3.407370434809794,27.761205854333884,21.068112864179263,11.237460002858876,0.478522078702313,0.3466760161786976,0.2072653472423553,0.0
MEGNet,megnet_hm,matbench_dielectric,1,32,15.419741986639288,3.396071232272964,28.3692544552466,22.60414055696315,10.588250192756435,0.351504946327089,0.2281125880159705,0.3075746595859527,0.38497964681339286
MEGNet,megnet_hm,matbench_dielectric,2,32,15.497862356035805,3.438472381047624,31.936690432740523,27.668355013592937,9.94698841260467,0.3874702780936627,0.3054842301001661,0.4348369240760803,0.8734027103497175
MEGNet,megnet_hm,matbench_dielectric,3,32,15.605780229451426,3.412538879447926,28.129981497979703,21.84668912562497,10.809382298533173,0.3004521277387362,0.2663596807202364,0.3434158265590668,0.5225353680152839
MEGNet,megnet_hm,matbench_dielectric,4,32,15.622667726391382,3.4228105103803563,29.67746848140534,24.988279840065488,10.465725685057572,0.3389790629514123,0.2459347639521613,0.3269305825233459,0.4592662329945462
MEGNet,megnet_hm,matbench_log_gvrh,0,32,18.773165609372075,3.4024336552159955,22.27537888750853,15.49247754490984,13.67169472208529,0.3737844898999554,0.4051501151156684,0.0943138599395752,0.10323871225731375
MEGNet,megnet_hm,matbench_log_gvrh,1,32,18.416531689542055,3.4207208013145745,22.99940227659038,16.873902752586382,13.177044308808917,0.4333373415100137,0.2516668023449512,0.0959092229604721,0.15583419671810728
MEGNet,megnet_hm,matbench_log_gvrh,2,32,18.93934854773701,3.378621302647252,22.52940308128259,16.422648603308456,13.410964765886993,0.4264528902519507,0.4081544821579458,0.0916943252086639,0.016878619645478786
MEGNet,megnet_hm,matbench_log_gvrh,3,32,19.20096208982212,3.399559753348264,22.534567006971088,16.3338717016137,13.13336296787053,0.3694972665346633,0.2928060044242513,0.0932576432824134,0.06841765519924484
MEGNet,megnet_hm,matbench_log_gvrh,4,32,18.558627551789417,3.4185869718859587,22.368542419014663,16.486400663042446,13.527459634322176,0.3748777544929192,0.431591885438614,0.0924016311764717,0.04019688611623296
MEGNet,megnet_hm,matbench_log_kvrh,0,32,19.15599759117279,3.397903014830472,22.43983860801581,16.770885625752488,13.51138816943164,0.4833507576576901,0.2966293020696861,0.0664299428462982,0.20078505383664566
MEGNet,megnet_hm,matbench_log_kvrh,1,32,18.42394326445835,3.3867540794543016,23.63256908052077,17.93402696036969,13.476373634473903,0.498264370091731,0.3123875964827741,0.065232902765274,0.14447706740335614
MEGNet,megnet_hm,matbench_log_kvrh,2,32,18.885829807355837,3.3849271706746062,22.06379587476552,15.595923937734074,13.525333146806933,0.6468961605275286,0.2913847430150078,0.0624925605952739,0.015573155013961495
MEGNet,megnet_hm,matbench_log_kvrh,3,32,19.00496866706685,3.3813567147737857,22.065441210533063,15.998074165377451,14.200989377014244,0.4512276211625077,0.2899804401568157,0.0703712925314903,0.3861835781807609
MEGNet,megnet_hm,matbench_log_kvrh,4,32,18.997288718011934,3.3962854407556966,22.29013495837062,16.16474445801438,13.958190944672404,0.5151456536036211,0.3044792571620478,0.0656529515981674,0.16423589115439016
MEGNet,megnet_hm,matbench_perovskites,0,32,17.493251429635205,3.3737626568802765,13.2221554974442,9.978649631530566,9.472052465383625,0.2185784800110526,0.2130025384728659,0.0406101420521736,0.1616288083451028
MEGNet,megnet_hm,matbench_perovskites,1,32,17.596272931982924,3.389356617139169,13.506068435158245,10.462217631198948,9.200585695224108,0.1589755815141504,0.1230587452996698,0.0413478128612041,0.2203503775354113
MEGNet,megnet_hm,matbench_perovskites,2,32,17.248747540937224,3.39038034037432,13.133853341112182,9.887286614790774,9.611777364704396,0.2276315301849266,0.1142650053474018,0.0405105650424957,0.15370207708234637
MEGNet,megnet_hm,matbench_perovskites,3,32,17.447560786704447,3.394080386712208,13.322614056726092,10.404756080433565,9.182612397039396,0.2681837032940991,0.2465149923859821,0.0385797321796417,0.0
MEGNet,megnet_hm,matbench_perovskites,4,32,17.469961497220012,3.3820924462714634,13.451974982019006,10.548359716000675,9.301583341955803,0.1234604257972872,0.0938216850489055,0.0407325588166713,0.17137367613504983
MEGNet,megnet_hm,matbench_mp_gap,0,32,17.121051847700908,3.296510480070918,20.1981423079233,15.455898256357257,14.05769002322027,0.3230978019608589,0.2911373375133892,0.2819198668003082,0.7540732061941541
MEGNet,megnet_hm,matbench_mp_gap,1,32,17.084758971840373,3.262450614887294,19.82365380325969,15.217074963882144,14.573445755001991,0.2574037938220965,0.1746602359265837,0.262685477733612,0.29854674552871835
MEGNet,megnet_hm,matbench_mp_gap,2,32,17.513087802722513,3.3050622080203085,20.54542535456793,16.190158215639936,13.786574358791947,0.3427116081021927,0.2619369923529346,0.2791180908679962,0.6877189762990368
MEGNet,megnet_hm,matbench_mp_gap,3,32,17.366668468796675,3.2609213506450554,20.390080828279853,15.177597128495025,13.714722812513768,0.4017799530053447,0.2325605714757024,0.2755661010742187,0.6035974929772302
MEGNet,megnet_hm,matbench_mp_gap,4,32,18.046781181363688,3.349540919169121,19.949448649362957,15.218902712607605,14.052958330251863,0.2558656427545732,0.107676891121417,0.2923040091991424,1.0
MEGNet,megnet_hm,matbench_mp_e_form,0,32,18.76476030232988,3.18936260106362,22.27594637630389,15.425845834908838,13.900204680054271,0.4062900905804144,0.2374463601855322,0.0362151861190795,0.36173921208284016
MEGNet,megnet_hm,matbench_mp_e_form,1,32,19.65283379368424,3.2681538411452413,22.008810583575432,15.107210079643457,13.690903244260692,0.2986296560975915,0.3249767731590255,0.0379595309495925,0.49999675205033683
MEGNet,megnet_hm,matbench_mp_e_form,2,32,18.908206726898108,3.3287363821147875,21.75790610648569,15.262320616138863,14.357450803171853,0.3784606103526511,0.2841250913183992,0.0331404879689216,0.1180372817377806
MEGNet,megnet_hm,matbench_mp_e_form,3,32,19.413946177280717,3.3256890696328427,21.85522944031429,15.60486774400151,13.425266026900587,0.39397334363531,0.2958597015681453,0.0330711975693702,0.11254529413431809
MEGNet,megnet_hm,matbench_mp_e_form,4,32,19.806959424210724,3.3051372653823328,21.540980593075965,15.117986762671606,14.011246880336603,0.3557062767083546,0.2835560044317747,0.038706712424755,0.5592186850410009
MEGNet,megnet_hm,matbench_jdft2d,0,64,24.29569116136353,4.105803604099217,28.318876306036483,24.25236129378244,11.846288260668342,0.3082155731894925,0.1236230896354719,35.8297119140625,0.04161179436993804
MEGNet,megnet_hm,matbench_jdft2d,1,64,24.04444146280069,4.130589445901236,24.20830120826454,17.406797590370857,14.876555619801955,0.2836310711784243,0.0470977526428463,55.75334167480469,0.49329079152055677
MEGNet,megnet_hm,matbench_jdft2d,2,64,23.928808481156132,4.125847726347464,23.06930574478568,17.358614433954394,15.552477449703662,0.1486582054341195,-0.0068006514984377,71.87427520751953,0.8587606972872244
MEGNet,megnet_hm,matbench_jdft2d,3,64,23.13770122597377,4.122514355183037,29.067807836876774,25.32367755548468,11.587599735364604,0.1653651141167687,0.0635302201198873,37.88687133789063,0.08824866308773045
MEGNet,megnet_hm,matbench_jdft2d,4,64,23.55073460923188,4.129145337341641,28.89243861108057,24.43427900421873,13.156016267604787,0.212498822516182,0.0059343637181252,52.14669036865234,0.41152613996872134
MEGNet,megnet_hm,matbench_phonons,0,64,23.956021288139013,4.133241698677312,17.863857350763567,12.448223463725618,11.519645156284016,0.0114746052142732,0.1033333147564888,36.25010681152344,0.6844437069733815
MEGNet,megnet_hm,matbench_phonons,1,64,24.50107788679542,4.138815836618022,17.560078079712497,12.583358054031272,11.323868705290588,0.1069202290921747,0.0132812267441332,32.47251892089844,0.3870377113836918
MEGNet,megnet_hm,matbench_phonons,2,64,23.9117415298927,4.135951008492963,17.916248139275957,12.95960791590919,11.671607893210131,0.0749464336155759,0.1625878090159881,34.972835540771484,0.5838853229159708
MEGNet,megnet_hm,matbench_phonons,3,64,24.235696799412576,4.136011112805306,17.815225948774582,12.8152661045198,11.872797972031355,0.0479535273971032,0.0778380295009282,33.33399200439453,0.45486068929685064
MEGNet,megnet_hm,matbench_phonons,4,64,24.834428922875706,4.135439397517828,19.970802347661312,15.396077355273633,12.828135510449703,0.1012496575167526,0.1249737171449885,35.0939826965332,0.5934231262749846
MEGNet,megnet_hm,matbench_dielectric,0,64,21.962649391413454,4.086496114289327,28.41526348958025,22.926494864381333,10.557485757356227,0.3733461917390696,0.2352169227642466,0.2130202800035476,0.022087001994885648
MEGNet,megnet_hm,matbench_dielectric,1,64,21.699281907853905,4.084157388152413,28.812910002788666,23.37851766255377,10.047125492897791,0.3526927751190063,0.2242819746481139,0.3022615611553192,0.3645883719703984
MEGNet,megnet_hm,matbench_dielectric,2,64,20.744841455335248,4.0978750762390685,33.15018502228229,28.57101634406176,9.745723183401072,0.3875119543871688,0.3149803809188884,0.4501666128635406,0.9322369106574656
MEGNet,megnet_hm,matbench_dielectric,3,64,21.774448394340563,4.085904735389065,28.09475267395004,22.470528352781063,10.850510450212523,0.3561141513002895,0.2676071952916663,0.3334436416625976,0.48426286738991603
MEGNet,megnet_hm,matbench_dielectric,4,64,22.126037766796426,4.10980915206035,27.43199942828484,22.131135233686983,11.074709144337048,0.4548328463399664,0.2779077066297899,0.3654540181159973,0.6071163007698743
MEGNet,megnet_hm,matbench_log_gvrh,0,64,25.44778751774833,4.050916699017483,22.540114916388827,16.928952270997627,13.16806970583206,0.3285553575265759,0.2493319069434723,0.0911823511123657,0.0
MEGNet,megnet_hm,matbench_log_gvrh,1,64,25.259724846921213,4.06834867891792,22.66677281012176,17.038743978211823,13.487002342776156,0.4306331296622558,0.3542468238087327,0.0962844565510749,0.16820479339435565
MEGNet,megnet_hm,matbench_log_gvrh,2,64,24.28674329894408,4.03950093760259,23.58969146389073,17.50361239735946,12.94371096137368,0.3594149298198302,0.3337688179509097,0.0913755893707275,0.006370625169176294
MEGNet,megnet_hm,matbench_log_gvrh,3,64,25.165598896009392,4.059986136745748,22.6053406076628,16.91427287664353,13.21613903933623,0.3513571709034718,0.3955030268377665,0.0986748337745666,0.24701008502190694
MEGNet,megnet_hm,matbench_log_gvrh,4,64,25.28834779092628,4.086980670030208,22.149129425420337,16.89969009268036,13.331311530197448,0.3621846534467893,0.3425921836423605,0.0972475185990333,0.1999547551990985
MEGNet,megnet_hm,matbench_log_kvrh,0,64,26.573738741985576,4.0776423526363565,22.70853576451225,17.625088969821114,13.065958306142772,0.3953814522827226,0.2850367816948558,0.065236784517765,0.1446596625144684
MEGNet,megnet_hm,matbench_log_kvrh,1,64,26.799347656377677,4.087944264259592,22.161083949250934,17.160800109310166,13.71643020394914,0.4130536881231297,0.2545078969573023,0.0698580890893936,0.36204282223349693
MEGNet,megnet_hm,matbench_log_kvrh,2,64,25.90726885571577,4.070204468266639,23.340521986373435,17.922403352087144,13.365365787056488,0.4456628367936572,0.2372495590548127,0.0669507086277008,0.22528153730364026
MEGNet,megnet_hm,matbench_log_kvrh,3,64,25.943002433483265,4.068047667585681,22.386698318947136,16.24259362430618,13.422840220163057,0.3346606805907997,0.3240597262369352,0.0705750361084938,0.39576754345614873
MEGNet,megnet_hm,matbench_log_kvrh,4,64,26.255926214137546,4.088235255129529,22.35381323869967,17.404495226013648,13.70442320025129,0.5096827197683972,0.2607331556422143,0.0690255090594291,0.3228787994283814
MEGNet,megnet_hm,matbench_perovskites,0,64,22.42884744165741,4.097968234408174,13.139991725337628,10.222749317216415,9.484317343476468,0.2073033415905902,0.1457362577002398,0.0399684123694896,0.11054453945186905
MEGNet,megnet_hm,matbench_perovskites,1,64,22.472362241936796,4.106007261327425,13.113897559646722,10.128861451264386,9.56527192343877,0.0948103887221187,0.1047618967516494,0.0406812280416488,0.16728753958175802
MEGNet,megnet_hm,matbench_perovskites,2,64,22.24170066787649,4.110453057415168,13.046245111007837,10.14236651097804,9.622091799335289,0.1002895841263569,0.0648484605849486,0.039883516728878,0.10378650433227207
MEGNet,megnet_hm,matbench_perovskites,3,64,22.539099097110636,4.119943010812738,13.224438096666947,10.362500075437811,9.298118658885317,0.248742389737224,0.1774639270769168,0.039680391550064,0.08761692151023151
MEGNet,megnet_hm,matbench_perovskites,4,64,22.575141655418328,4.110959719359071,13.12181972960167,10.235607290018004,9.409096985037388,0.1079453830086471,0.1432970060753562,0.0385954827070236,0.0012538054537571826
MEGNet,megnet_hm,matbench_mp_gap,0,64,25.16781460009553,3.8722793182447295,19.81776648484786,15.60518854342044,14.816088749502187,0.3868941095838251,0.2209606242662446,0.280945211648941,0.7309905280840188
MEGNet,megnet_hm,matbench_mp_gap,1,64,24.896051651106795,3.8948883213708574,20.16261841686906,15.893293228409467,15.056815216213444,0.226378521054151,0.234860488393089,0.2701964676380157,0.4764289041656661
MEGNet,megnet_hm,matbench_mp_gap,2,64,24.65484690552317,3.849742086791813,20.45816118954832,16.11683537393401,14.952133290228502,0.3474992661791544,0.2623424075836446,0.2650614380836487,0.35481641986984985
MEGNet,megnet_hm,matbench_mp_gap,3,64,24.54983358345252,3.9016458826792793,20.170738732169763,16.14405972012174,14.840854305551582,0.3240237615736343,0.2233682849483456,0.2502917647361755,0.005027455851835905
MEGNet,megnet_hm,matbench_mp_gap,4,64,25.499396090746004,3.8632594834216087,19.19823438370529,15.132720563281552,15.133616256844885,0.2801848231739826,0.1464616538203326,0.271128237247467,0.49849592749961114
MEGNet,megnet_hm,matbench_mp_e_form,0,64,27.02061703600646,3.8689319276569902,21.18359078496932,15.252095479951825,14.351299615892277,0.3605498697080705,0.2773538229748277,0.0319565087556839,0.024194567538458434
MEGNet,megnet_hm,matbench_mp_e_form,1,64,26.389406722853582,3.860909511517069,21.79989526897794,15.979584722638936,14.650539250094738,0.3681532919900479,0.3191051655923284,0.0372528135776519,0.4439820217128347
MEGNet,megnet_hm,matbench_mp_e_form,2,64,27.040707168551915,3.8362619950826935,20.90896009842245,14.967466368861531,14.406505437042393,0.329895820985947,0.2520326591012266,0.0383766032755374,0.533054088400917
MEGNet,megnet_hm,matbench_mp_e_form,3,64,26.133981167983062,3.850443607930419,21.260467571275147,15.39778527384308,14.689960169426032,0.3266985447524265,0.2872011244215439,0.0360947288572788,0.35219171642919284
MEGNet,megnet_hm,matbench_mp_e_form,4,64,26.34694166165765,3.9011544879770312,21.011672672606267,15.214569955942292,14.594936405003065,0.4099604616797795,0.2762555753692354,0.0347906686365604,0.2488313286594344
