Model,Method,Task,Fold,Dimension,Effective_Rank,Embedding_Entropy,Spectral_Radius,Spectral_Gap,Fiedler_Value,ARI,Silhouette,MAE
MEGNet,megnet_emb,matbench_jdft2d,0,8,7.870319173149721,2.066857112374029,16.834091865766577,14.003349333291604,13.980117878138657,-0.02081171544166592,0.1749418093296824,39.00766372680664
MEGNet,megnet_emb,matbench_jdft2d,1,8,7.853996712371502,2.0729078568433508,16.849360220014038,13.697140994065744,13.738672674407141,-0.004384976688562664,0.1955788295735508,58.78205108642578
MEGNet,megnet_emb,matbench_jdft2d,2,8,7.876802418437706,2.070898614639982,16.886761812024414,13.910889359020233,13.66332724303563,-0.01077355460385439,0.14534455347937353,78.10436248779297
MEGNet,megnet_emb,matbench_jdft2d,3,8,7.8947115458554045,2.0620926200422596,16.655282438998427,13.9553478838973,13.729228883790807,0.0030046788917684015,0.11455399098405032,44.923221588134766
MEGNet,megnet_emb,matbench_jdft2d,4,8,7.863148722334297,2.0678387578153794,17.040793106129204,13.987978942602755,13.848550793709729,0.010098337355910163,0.18544220563409772,52.37869644165039
MEGNet,megnet_emb,matbench_phonons,0,8,7.860807409386492,2.0712495283594197,13.771214303949524,11.50138721660996,11.239021219377031,-0.032232978466654155,0.25611431040990107,35.297203063964844
MEGNet,megnet_emb,matbench_phonons,1,8,7.887490972841225,2.064036680668564,14.251468673847935,11.742675011144632,11.195056562616891,0.01605685706764938,0.1010301556184141,35.19483184814453
MEGNet,megnet_emb,matbench_phonons,2,8,7.868921635468449,2.054861403588978,13.815506407383475,11.749336722688582,11.425857272931266,-0.005947662949873955,0.08372623089506799,34.863136291503906
MEGNet,megnet_emb,matbench_phonons,3,8,7.897061799110865,2.074748137276823,14.11979257540953,11.994138205460132,11.630877950068843,-0.0394659191501918,0.12070100889019506,34.555877685546875
MEGNet,megnet_emb,matbench_phonons,4,8,7.870112292873171,2.0590801415589985,14.04854040104104,11.725992925500108,11.625431094712942,0.01927818874691773,0.11737053822696358,32.990089416503906
MEGNet,megnet_emb,matbench_dielectric,0,8,7.893125435248877,2.0682989896187967,18.104279341575285,15.207753276644752,14.680540091962028,-0.012243472784791876,0.19351023435942105,0.2428307086229324
MEGNet,megnet_emb,matbench_dielectric,1,8,7.864248260286193,2.0626177899260414,17.815231913718833,14.873291243655265,14.348736222872585,0.03654761307635397,0.15866350137339374,0.3290224373340606
MEGNet,megnet_emb,matbench_dielectric,2,8,7.81721994894923,2.0673331127188024,17.830421661155583,14.518333928267609,14.332462364060166,0.0204919096804546,0.18839005177891432,0.467822790145874
MEGNet,megnet_emb,matbench_dielectric,3,8,7.884701119777475,2.0605766869854194,17.66008671685709,14.734954404642387,14.656885459899511,-0.006010780387620834,0.12987884456013732,0.3683082461357116
MEGNet,megnet_emb,matbench_dielectric,4,8,7.894521333828879,2.0631234445808984,17.81496264463797,14.745288341190797,14.192206488777972,0.014888451353224377,0.08205060082421943,0.3589948117733001
MEGNet,megnet_emb,matbench_log_gvrh,0,8,7.920278594671934,2.072386847148687,18.568972078277028,15.581884668415924,15.273488907552256,0.03726750453732891,0.14117971397863283,0.1120756790041923
MEGNet,megnet_emb,matbench_log_gvrh,1,8,7.888514671753513,2.0739667246063407,18.63873100216991,15.395225573023707,15.221483981193755,0.02844141069397042,0.1680767573701687,0.1089581698179245
MEGNet,megnet_emb,matbench_log_gvrh,2,8,7.91261044131125,2.0672512831448078,18.56025405725508,15.444690257937186,15.255714428434038,0.02402021083819425,0.1506357675710787,0.1081172600388526
MEGNet,megnet_emb,matbench_log_gvrh,3,8,7.894277620917757,2.0729169829649816,18.481870834439242,15.341607044248127,15.229338211365487,0.0785063828017797,0.19478819570267744,0.1079729795455932
MEGNet,megnet_emb,matbench_log_gvrh,4,8,7.88233407756386,2.0590461908417157,18.756597580983964,15.54970800285452,15.299107488599791,0.0038335974858102707,0.10203541829456117,0.1215150505304336
MEGNet,megnet_emb,matbench_log_kvrh,0,8,7.927973679091003,2.0712199689953015,18.66873879299761,15.666205112243723,15.054496480186655,0.03542409220642659,0.15695727074346502,0.0731312558054924
MEGNet,megnet_emb,matbench_log_kvrh,1,8,7.906756775716602,2.0577251823425575,18.54919674814807,15.409375643877105,15.400641432616103,0.04524989061551707,0.18388301462017895,0.0775051340460777
MEGNet,megnet_emb,matbench_log_kvrh,2,8,7.867016173038925,2.056707720704868,18.439821633738365,15.157764143308098,15.09403240312549,0.04436860068259386,0.17308961754230745,0.0720731988549232
MEGNet,megnet_emb,matbench_log_kvrh,3,8,7.924718735914713,2.0739467021902716,18.448926563469144,15.606544156381261,15.528741634552132,0.09596307243794792,0.12909731000700966,0.077921561896801
MEGNet,megnet_emb,matbench_log_kvrh,4,8,7.903441874659541,2.0636718628984334,18.45181219241061,15.426509999837211,15.295253911565323,0.0749066699012116,0.08882821795940662,0.0767992883920669
MEGNet,megnet_emb,matbench_perovskites,0,8,7.839019580320162,2.0539444727016,12.121058715958402,9.969154239733973,9.998422080675363,0.052975705795850904,0.10509249786398353,0.0511419102549552
MEGNet,megnet_emb,matbench_perovskites,1,8,7.88799486230263,2.0567019261961845,12.136263548434805,10.319659837356951,10.2404644720079,0.03904799629659678,0.01835602092500322,0.0494113825261592
MEGNet,megnet_emb,matbench_perovskites,2,8,7.836891789986179,2.0498817915973553,12.071694324900555,9.88169053134063,9.905550776928528,0.12969617029018465,0.04193464808388484,0.0497732795774936
MEGNet,megnet_emb,matbench_perovskites,3,8,7.852147731631444,2.0692212462605686,12.365222517114121,10.08282707576845,10.113297202320476,0.043830286885964145,0.21243012007995313,0.0438598617911338
MEGNet,megnet_emb,matbench_perovskites,4,8,7.851337858254339,2.0701454183441883,12.337116473953575,10.412155569565599,10.152730192205139,0.07081894814321515,0.19512149470339196,0.0485672652721405
MEGNet,megnet_emb,matbench_mp_gap,0,8,7.888148992875865,2.0585935559071054,18.283891623051282,15.33280538700682,15.38317604411432,0.05610397477730508,0.1373498442255364,0.2591058015823364
MEGNet,megnet_emb,matbench_mp_gap,1,8,7.849529416308365,2.0687541587711986,18.37686431348774,15.142210029044287,15.219136484071477,0.06692083176225788,0.15962039371293157,0.2663636207580566
MEGNet,megnet_emb,matbench_mp_gap,2,8,7.830074362212779,2.0733041695339818,18.443709568571048,15.037809647887885,15.140304018639593,0.09920909473227246,0.14477785433780874,0.2610806226730346
MEGNet,megnet_emb,matbench_mp_gap,3,8,7.901603529897923,2.0775964403686347,18.445966652750332,15.638546685860543,15.574964840316815,0.05489480817215742,0.07495697514024281,0.2754223942756653
MEGNet,megnet_emb,matbench_mp_gap,4,8,7.847033895683854,2.072742190963194,18.88006361034021,15.494868675299,15.085208951445617,0.038405708626700855,0.14461940582129293,0.2725534737110138
MEGNet,megnet_emb,matbench_mp_e_form,0,8,7.8925146260301675,2.073678238677164,19.318068691417835,15.364143069034885,15.187608943662905,0.10724557740041764,0.15390769092697773,0.0376448631286621
MEGNet,megnet_emb,matbench_mp_e_form,1,8,7.900371418668357,2.0722800940433483,18.589924900081847,14.45720882731537,14.661419565700067,0.1191477203151149,0.2642471380443789,0.037931028753519
MEGNet,megnet_emb,matbench_mp_e_form,2,8,7.88620447228653,2.062084700709944,18.575072120408336,14.849128163151772,14.953799509798351,0.06587110875792504,0.11709218164998496,0.043242409825325
MEGNet,megnet_emb,matbench_mp_e_form,3,8,7.887767952891619,2.068079422674481,18.817084232934917,14.35140502969373,14.672098679657276,0.12707057807159222,0.10343493288195958,0.0442678891122341
MEGNet,megnet_emb,matbench_mp_e_form,4,8,7.880945594525745,2.073462229132913,18.697790859641167,14.59941697293787,14.793075501364646,0.2664440190608072,0.1237822943857112,0.0356731340289115
MEGNet,megnet_emb,matbench_jdft2d,0,16,15.465107000638568,2.7555516022822846,16.36373789330686,14.649923698976849,14.585445242832487,-0.004420343861632957,0.11283805414851696,39.722747802734375
MEGNet,megnet_emb,matbench_jdft2d,1,16,15.526212524992209,2.7587351164215734,16.06382798777291,14.491726832137388,14.364524365264014,-0.0002982848620432513,0.09064007316193208,57.55757522583008
MEGNet,megnet_emb,matbench_jdft2d,2,16,15.622658646193313,2.763909969821916,16.17263048963175,14.7139016857378,14.50667548984128,0.06014238743734487,-0.004386370117959678,76.45894622802734
MEGNet,megnet_emb,matbench_jdft2d,3,16,15.502191478114739,2.761352712157403,16.16113327467603,14.6788529741276,14.262143936707885,0.0202401157855326,0.017371867503035154,48.46316146850586
MEGNet,megnet_emb,matbench_jdft2d,4,16,15.539864104713201,2.759611936093875,16.290951624146253,14.689167318006467,14.602692640443871,0.02824954657918674,0.09958500783806873,52.31320571899414
MEGNet,megnet_emb,matbench_phonons,0,16,15.45376941402882,2.7580798681181022,13.297111887634202,12.077961275573411,12.002662180939438,0.007193783614064616,0.07995222050681684,34.53242874145508
MEGNet,megnet_emb,matbench_phonons,1,16,15.438597437147989,2.750543682246515,13.523262663766502,12.244421143320729,12.09829162060881,0.013052788380970114,0.05602539219682176,33.92302703857422
MEGNet,megnet_emb,matbench_phonons,2,16,15.447111658002004,2.7608961425825105,13.30339402128824,12.0356245143993,11.970078428442362,-0.016326100787608874,0.10816859741768481,33.61100387573242
MEGNet,megnet_emb,matbench_phonons,3,16,15.484201262737505,2.7573034197923523,13.567303090642508,12.290739429743862,12.117221123690973,-0.009337332352441854,0.07262390073879565,32.78507995605469
MEGNet,megnet_emb,matbench_phonons,4,16,15.549827520931618,2.7655315258795925,13.531781749510545,12.433015252188842,12.24948648659317,-0.01915810659426206,0.07547741553372775,27.99004173278809
MEGNet,megnet_emb,matbench_dielectric,0,16,15.478307978669717,2.7654555973525397,17.035371665576854,15.26737082890683,15.169212535004016,-0.016405162996164888,0.09111651289342068,0.2311006188392639
MEGNet,megnet_emb,matbench_dielectric,1,16,15.524093749528138,2.752167492130172,16.94842727325627,15.47201143247771,15.186136726243369,0.00900373845500605,0.07172615057926306,0.3158994019031524
MEGNet,megnet_emb,matbench_dielectric,2,16,15.590480392971513,2.7613941423814037,17.218422928014636,15.75367744119985,15.26598657312481,0.042130709452435834,0.08145345127172289,0.4596931040287018
MEGNet,megnet_emb,matbench_dielectric,3,16,15.62857014885703,2.765478223231111,17.052153376772903,15.667259954437695,15.531067221965538,0.07174121382349699,0.04333461233264664,0.3464860916137695
MEGNet,megnet_emb,matbench_dielectric,4,16,15.393990923369184,2.7576561830734523,17.001711090073368,15.328305507512534,14.970692757650324,0.029978234980082955,-0.03460738841297765,0.3560441136360168
MEGNet,megnet_emb,matbench_log_gvrh,0,16,15.535462896918839,2.7617620322438254,18.071010787759977,16.339206633061906,16.049941904530034,0.0060450702069862645,0.05230607258994628,0.1087438315153122
MEGNet,megnet_emb,matbench_log_gvrh,1,16,15.636922260717729,2.7554496359410496,17.937317910815334,16.32803753257744,16.048395936088642,0.0717614165890028,0.04396641563300446,0.1061835289001464
MEGNet,megnet_emb,matbench_log_gvrh,2,16,15.576670792075491,2.7524263854149766,17.80329663924554,16.10738373067813,16.01068463219283,0.027287233329310646,0.08721865096563401,0.1062021404504776
MEGNet,megnet_emb,matbench_log_gvrh,3,16,15.615256940860588,2.7527617732073364,17.856702158530496,16.33737145854182,16.19025013512052,0.009479657693456439,-0.0023004682889308614,0.1125970259308815
MEGNet,megnet_emb,matbench_log_gvrh,4,16,15.54063613576357,2.7612718937850365,17.960619408825785,16.17961515115785,16.030786465115792,0.07261306190300999,0.045876274559758796,0.1069059297442436
MEGNet,megnet_emb,matbench_log_kvrh,0,16,15.67550438914769,2.7655019214984806,17.79937092660415,16.18186876294365,16.13173773335775,0.013287533748922154,0.10982705998462057,0.074585385620594
MEGNet,megnet_emb,matbench_log_kvrh,1,16,15.544290029162537,2.761197921629515,17.743124414463523,16.164786024045426,16.149098605804564,0.04158565136304115,0.052828741219952034,0.0723627209663391
MEGNet,megnet_emb,matbench_log_kvrh,2,16,15.61037790139048,2.762953675596404,17.920627883547922,16.24683442902079,15.95747617009917,0.029219369388298246,0.09547019398286657,0.0698293298482894
MEGNet,megnet_emb,matbench_log_kvrh,3,16,15.612646786184438,2.75803257835174,18.007735449590964,16.324470688365757,16.039206050105932,0.005165004139888814,0.010716625922644865,0.0818146988749504
MEGNet,megnet_emb,matbench_log_kvrh,4,16,15.690764868125735,2.758650634751882,17.83345043219547,16.169931260272516,15.957254782135063,0.05364844823598242,0.10143907879055998,0.0757822394371032
MEGNet,megnet_emb,matbench_perovskites,0,16,15.521608602707154,2.758890993913938,11.77723869730097,10.730794581170901,10.476389522463277,-0.02135915602750879,0.11866678288795954,0.0465876758098602
MEGNet,megnet_emb,matbench_perovskites,1,16,15.448496081995106,2.7632053322227974,11.750223289628376,10.775336225657625,10.673985106628084,-0.03390898838144412,0.03460500078053831,0.0460363253951072
MEGNet,megnet_emb,matbench_perovskites,2,16,15.475818103956382,2.7428393444600947,11.764981612566523,10.660611798824196,10.68531776609883,-0.005773887129819333,0.048211338532033444,0.043505847454071
MEGNet,megnet_emb,matbench_perovskites,3,16,15.483045566663684,2.752932787502617,11.96851379544564,10.994221892970485,10.68304690345788,-0.01664429530201342,0.07522801048405779,0.0431813895702362
MEGNet,megnet_emb,matbench_perovskites,4,16,15.437950673625979,2.758724699664877,11.860526282241855,10.819721644251839,10.606719689190749,-0.05306105702713114,-0.03210035645542868,0.0444398149847984
MEGNet,megnet_emb,matbench_mp_gap,0,16,15.53497920817827,2.7621075871941416,17.96048871390948,16.169367234721737,15.96064406578246,0.10212994691930391,0.05439931697638179,0.2588775753974914
MEGNet,megnet_emb,matbench_mp_gap,1,16,15.494560747223545,2.7615114900531936,17.745009442100393,15.994638481195922,16.00635418434384,0.06860236886632826,0.06393695719949506,0.2637265026569366
MEGNet,megnet_emb,matbench_mp_gap,2,16,15.618379671816594,2.7690569647710124,18.034234436570404,16.4483916086972,15.789500440737543,0.048387705072600415,0.010828407338921674,0.2635432779788971
MEGNet,megnet_emb,matbench_mp_gap,3,16,15.487811745710438,2.762574929861527,17.958483888402007,16.0705242867493,15.850007251693034,0.048932648644060606,0.04912604179688733,0.250079482793808
MEGNet,megnet_emb,matbench_mp_gap,4,16,15.326491545917047,2.761354805268703,18.098273023808513,16.045839768240434,15.734014678052082,0.029877506329980156,0.0719718462890542,0.2739230692386627
MEGNet,megnet_emb,matbench_mp_e_form,0,16,15.611830656248271,2.758877871810961,17.905615961417233,15.425868185595903,15.491948820597251,0.14879848628193,0.07525264810112534,0.0372152626514434
MEGNet,megnet_emb,matbench_mp_e_form,1,16,15.490655045153085,2.7649787324322803,18.160885621877878,15.374463742013631,15.393132941855777,0.0766853205887559,0.09249723485939818,0.0395881421864032
MEGNet,megnet_emb,matbench_mp_e_form,2,16,15.50705555056817,2.7641537250968984,18.25912653031906,15.794935015489733,15.462006180519818,0.08027057193959199,0.04178586079814325,0.0374767705798149
MEGNet,megnet_emb,matbench_mp_e_form,3,16,15.467308331361318,2.7614239418765116,18.017254745037803,15.536041613527637,15.638886759882018,0.09394677636220829,0.056621742318226656,0.0405208058655262
MEGNet,megnet_emb,matbench_mp_e_form,4,16,15.55651885445938,2.7635309143866262,17.981620433276124,15.286810774376418,15.31402706110952,0.13503982248286248,0.049554263186181356,0.0339016169309616
MEGNet,megnet_emb,matbench_jdft2d,0,32,29.85981457937549,3.452922791802365,16.162835235376726,15.299805721268497,14.964066757126082,0.016306798547371597,0.036516833514867834,35.92290496826172
MEGNet,megnet_emb,matbench_jdft2d,1,32,30.190962534198704,3.4550549857801043,15.798012548125808,15.049564022044587,14.885189776187353,0.002835937795713483,-0.014895928702938538,57.22069549560547
MEGNet,megnet_emb,matbench_jdft2d,2,32,29.93102356212621,3.442587434512467,15.98398172843322,15.147872654041045,14.969295335699686,0.01894049196620838,-0.030997091952349055,77.21370697021484
MEGNet,megnet_emb,matbench_jdft2d,3,32,30.020771832338408,3.4529651798184724,15.699149641393918,14.835179639338886,14.69693538659993,0.008060675273596935,0.03425579114775181,40.14830780029297
MEGNet,megnet_emb,matbench_jdft2d,4,32,30.148963924745978,3.448171169232635,16.12174320230666,15.31406542666297,15.073998805530604,0.033406502949650155,0.016770148224256425,54.26488876342773
MEGNet,megnet_emb,matbench_phonons,0,32,29.70136595178387,3.4510869785526106,13.207643166510849,12.552815310090029,12.126527733029333,0.027126090277974264,0.02742774753704482,37.96909713745117
MEGNet,megnet_emb,matbench_phonons,1,32,29.647060173225785,3.45389007019887,13.493462594269676,12.833061245369576,12.593553143302401,-0.038619948665910585,-0.019521371619829732,36.47252655029297
MEGNet,megnet_emb,matbench_phonons,2,32,29.67222408026344,3.4506041021931213,13.248171937287472,12.616128358186035,12.271410499662922,-0.013677230525390986,0.015415935153199075,33.81334686279297
MEGNet,megnet_emb,matbench_phonons,3,32,29.790834284121967,3.4542283885682328,13.33194151587705,12.693640134519914,12.573480207831997,0.041286380929177836,0.019225246904139633,33.98191452026367
MEGNet,megnet_emb,matbench_phonons,4,32,29.79831507464605,3.45330794440178,13.283453742473263,12.677222634180382,12.555859646293003,-0.03934774902516838,-0.00369682465620528,28.44224739074707
MEGNet,megnet_emb,matbench_dielectric,0,32,30.132254832671805,3.455939853155283,16.794494012187055,15.896149650505869,15.615860052027982,-0.006566359366846408,0.01856956764842429,0.2289895415306091
MEGNet,megnet_emb,matbench_dielectric,1,32,29.954627837001674,3.4454962444647346,16.70313591939604,15.78787617856861,15.283850509299759,0.010149928605425988,0.04330593180868097,0.3319684863090515
MEGNet,megnet_emb,matbench_dielectric,2,32,30.35821223011078,3.460339599731186,16.873945625047195,15.98296548869606,15.774851605762093,0.016788840043090624,0.027460854927674562,0.460330605506897
MEGNet,megnet_emb,matbench_dielectric,3,32,30.200539378060064,3.4524588863215575,16.713762807163015,15.7785747838083,15.653124605396052,0.052556666339630485,0.03457131053861314,0.345455139875412
MEGNet,megnet_emb,matbench_dielectric,4,32,30.205148612305493,3.454882225963761,16.612554941392037,15.798361863868024,15.513934942413995,0.02614518955815884,0.02139119874610195,0.3485632538795471
MEGNet,megnet_emb,matbench_log_gvrh,0,32,30.328283166433224,3.456524177498408,17.624306974625398,16.683754431424415,16.578632996507295,0.0186743922013859,0.028039980363428023,0.1076867207884788
MEGNet,megnet_emb,matbench_log_gvrh,1,32,30.466269801337912,3.459068395972495,17.525217168029798,16.616905858579972,16.551260081774945,0.031649776837192896,0.02145380605606035,0.1095267906785011
MEGNet,megnet_emb,matbench_log_gvrh,2,32,30.397210750640653,3.45412163114868,17.616440133982824,16.689335758410376,16.43559660491568,0.07043032072773592,0.00012870106159789923,0.0996569991111755
MEGNet,megnet_emb,matbench_log_gvrh,3,32,30.40102420046224,3.451590719416947,17.4849711809404,16.656588629877536,16.568270781754553,0.020363556883173654,-0.02248326151308954,0.1059641912579536
MEGNet,megnet_emb,matbench_log_gvrh,4,32,30.484469483431287,3.456322585230729,17.500490949424076,16.677294867142727,16.56396457617987,0.012527118762684582,0.057924015580197136,0.1097924932837486
MEGNet,megnet_emb,matbench_log_kvrh,0,32,30.53804130718535,3.454069755321492,17.540702917701417,16.740742632245578,16.56017126628068,0.0014546884214664832,0.025175151460167484,0.0765121579170227
MEGNet,megnet_emb,matbench_log_kvrh,1,32,30.38273725568973,3.457833822243636,17.59248738009646,16.723794376823562,16.549163315514136,0.01098683314134245,0.009301498049218138,0.0719734281301498
MEGNet,megnet_emb,matbench_log_kvrh,2,32,30.463189353740923,3.456471585443359,17.53999395236471,16.734740509793586,16.408070462728578,0.03146331179560813,-0.03585738806680744,0.0671965554356575
MEGNet,megnet_emb,matbench_log_kvrh,3,32,30.327959482318736,3.448556267190403,17.542556045520413,16.58023443577865,16.457384254903843,0.03494828670439797,0.032181294685710744,0.0794725269079208
MEGNet,megnet_emb,matbench_log_kvrh,4,32,30.51899838277924,3.4591171192973746,17.458024728876776,16.637947574289534,16.4617495987189,0.06422029905647304,0.011644354908690622,0.0732844248414039
MEGNet,megnet_emb,matbench_perovskites,0,32,29.55370323025211,3.4511775493439867,11.60988727093185,11.054984338177741,10.964922256801124,-0.005773887129819333,0.01583277436600797,0.0416939742863178
MEGNet,megnet_emb,matbench_perovskites,1,32,29.480041740421186,3.455940129477954,11.57908698987684,11.054633099752968,10.929527009269371,0.0010349428083737174,-0.00721242671536765,0.0447780676186084
MEGNet,megnet_emb,matbench_perovskites,2,32,29.527393419712478,3.4493444648557374,11.625000898306922,11.108069275991276,10.923799244016438,-0.0070976735266857285,-0.011429630072825273,0.0406564064323902
MEGNet,megnet_emb,matbench_perovskites,3,32,29.529943862313516,3.4523164203632724,11.519889718444052,10.972616670671917,10.964634385269418,0.021217403465309446,0.029368743647079955,0.0392822101712226
MEGNet,megnet_emb,matbench_perovskites,4,32,29.44300594368033,3.44400733265127,11.653996416218897,10.991223949526931,10.910214322991509,-0.025800689672281624,0.02391578163457056,0.0400415956974029
MEGNet,megnet_emb,matbench_mp_gap,0,32,29.921609081579124,3.454616625357482,17.634195937842854,16.327724958368904,16.147540502575623,0.08904556248692677,-0.04087387242354445,0.2639215588569641
MEGNet,megnet_emb,matbench_mp_gap,1,32,30.115977950187197,3.4530247041462827,17.5380679257078,16.493093000499105,16.440806562536075,0.04158565136304115,0.02358824246199735,0.2691919207572937
MEGNet,megnet_emb,matbench_mp_gap,2,32,30.040588276929437,3.4516528856165207,17.659449178268382,16.493113708896416,16.24442997035375,0.01806951345562322,0.024151579083769362,0.2588180303573608
MEGNet,megnet_emb,matbench_mp_gap,3,32,29.886797020505817,3.457359697830968,17.675844797671004,16.428777013330826,16.389866193383316,0.11555216866704769,0.01836673544900969,0.2529686093330383
MEGNet,megnet_emb,matbench_mp_gap,4,32,29.86619213370098,3.451711524035964,17.671299469835265,16.225598635008854,16.07676820119578,0.0730445493738452,0.06607894001667994,0.2666139304637909
MEGNet,megnet_emb,matbench_mp_e_form,0,32,30.19653588174994,3.4571369924796733,17.706388611364826,16.10823367137487,16.045303340069623,0.08703485458067488,0.016291148723292008,0.0326036252081394
MEGNet,megnet_emb,matbench_mp_e_form,1,32,30.07382554135253,3.448606339881512,17.66189600395903,16.115896962936265,16.027887640193683,0.07667722864628342,0.04574560610784936,0.0316512547433376
MEGNet,megnet_emb,matbench_mp_e_form,2,32,30.14611591894232,3.453118531817146,17.674658021589025,16.067463631174483,16.039688673114345,0.07257477796538045,0.01569237832957562,0.0384587310254573
MEGNet,megnet_emb,matbench_mp_e_form,3,32,30.29259493327405,3.4574688495930848,17.575771881445764,15.92216483828768,15.903482664726134,0.09537390372899511,0.014530289458054473,0.0338867716491222
MEGNet,megnet_emb,matbench_mp_e_form,4,32,30.150114206977246,3.453662790544373,17.601358071029463,15.987926440774688,15.91899571753111,0.09859098066131051,0.036294235055289635,0.0368960164487361
MEGNet,megnet_emb,matbench_jdft2d,0,64,54.656058749698616,4.143789000971652,16.001059094742985,15.51942522143364,15.409286839459316,-0.005120391265234907,-0.020887103982630325,40.70787811279297
MEGNet,megnet_emb,matbench_jdft2d,1,64,54.68742270114504,4.145213652269886,15.733098477132554,15.299286296197643,15.122561502796733,0.024226811446647505,0.019225795248319667,55.52278518676758
MEGNet,megnet_emb,matbench_jdft2d,2,64,54.38590641317342,4.145777260029557,15.786935001062472,15.323047403510767,15.07183973333224,0.006232611124498872,-0.0024772254953759447,77.83573913574219
MEGNet,megnet_emb,matbench_jdft2d,3,64,53.63403622323863,4.148370199317368,15.56984196759451,14.953368034585445,14.805703507692671,-0.011065631534892552,-0.026926552841221,40.84873962402344
MEGNet,megnet_emb,matbench_jdft2d,4,64,54.50962488049508,4.147751931936851,15.896243147983581,15.421449553752812,15.335710003086957,0.005391182132484646,-0.016410519402314427,52.99245071411133
MEGNet,megnet_emb,matbench_phonons,0,64,51.451246349577744,4.146806603170853,13.038615916705387,12.689718009107475,12.540501054988766,-0.029016221051193104,-0.0569593792667341,40.25823593139648
MEGNet,megnet_emb,matbench_phonons,1,64,51.34207931440672,4.140835414083854,13.265984152154134,12.935779052966545,12.682613093619489,-0.007049870339722957,-0.016758747722440306,37.759864807128906
MEGNet,megnet_emb,matbench_phonons,2,64,51.18936716443878,4.146229991317996,13.094766825965754,12.760979917067413,12.516230098237445,-0.009055716325486574,-0.004855094925400231,31.927976608276367
MEGNet,megnet_emb,matbench_phonons,3,64,51.308077583626094,4.143470177042132,13.244792281592627,12.861101626023142,12.788140352196756,-0.04436401721349207,-0.06600138692794563,34.34384536743164
MEGNet,megnet_emb,matbench_phonons,4,64,52.21423625995787,4.149152878488506,13.267219751936446,12.95869128035696,12.56135564812712,-0.013727789302787048,-0.0016514227756893327,32.41223907470703
MEGNet,megnet_emb,matbench_dielectric,0,64,55.55154434172151,4.146492985364195,16.60299091113074,16.15742194264456,16.044958047671408,0.012947902172770188,0.002255587152403306,0.2270934581756591
MEGNet,megnet_emb,matbench_dielectric,1,64,54.91605698620153,4.15045332592781,16.528093020650484,16.13477055678782,15.73899004314351,-0.014670532634380857,-0.03990036780064312,0.3171967566013336
MEGNet,megnet_emb,matbench_dielectric,2,64,55.25777648263799,4.147837933433633,16.64084715126805,16.139428041855645,15.878277852244862,-0.009291793782125093,-0.016317975229118317,0.4486435949802398
MEGNet,megnet_emb,matbench_dielectric,3,64,55.188756715966576,4.148744098012886,16.623255771752223,16.25660688800154,16.02753874722047,-0.01790777551792463,0.005096514304394526,0.3516570627689361
MEGNet,megnet_emb,matbench_dielectric,4,64,54.841010179253985,4.148319657603225,16.481880645826912,16.10326214775019,15.735028284567582,-0.003560405963679989,-0.02203490144873894,0.3549110293388366
MEGNet,megnet_emb,matbench_log_gvrh,0,64,56.223925631218094,4.148932604325566,17.358193963695694,16.89842412271882,16.806694938121115,0.025876539231089447,0.009795320677386614,0.1071253195405006
MEGNet,megnet_emb,matbench_log_gvrh,1,64,55.73955794897114,4.146473727248425,17.393582847128215,16.93737946060933,16.845773137741528,0.019592824027413826,-0.012246738025142232,0.1089772880077362
MEGNet,megnet_emb,matbench_log_gvrh,2,64,56.07213430348207,4.148362272326812,17.360238588764005,16.856441181145964,16.8213375430988,-0.03655220592186576,-0.05762727475837061,0.1044723689556121
MEGNet,megnet_emb,matbench_log_gvrh,3,64,56.42612718621707,4.148497220832191,17.41118129375853,16.918725788923503,16.680879475886123,0.03795335973348419,-0.023163789562974876,0.1067263409495353
MEGNet,megnet_emb,matbench_log_gvrh,4,64,56.05595463954827,4.147015319760843,17.365395471082117,16.90835549102368,16.806345523625673,0.021643104105914635,-0.0076008500264236655,0.1110226064920425
MEGNet,megnet_emb,matbench_log_kvrh,0,64,55.814296727187084,4.1444869946927945,17.421341272681627,16.853739872422068,16.78760305149044,0.011343110134273119,-0.0071084718375865105,0.0705998092889785
MEGNet,megnet_emb,matbench_log_kvrh,1,64,56.54285435950399,4.148102166040118,17.395442772723264,17.006003758983294,16.75049728075058,0.039520805454661315,-0.01694177044276502,0.0747167468070983
MEGNet,megnet_emb,matbench_log_kvrh,2,64,56.21958642919448,4.150534868322367,17.45394486293475,16.992204550710728,16.876155207909097,-0.0007742197514881519,-0.025109486627951344,0.0720055177807807
MEGNet,megnet_emb,matbench_log_kvrh,3,64,56.1299127703282,4.146941223963969,17.402722714067156,16.953044069795748,16.810983280285416,0.006778505699246412,-0.013604738481199632,0.0834202915430069
MEGNet,megnet_emb,matbench_log_kvrh,4,64,56.68922235848364,4.145842963846757,17.351096622163574,16.965260533632755,16.844820358807613,0.0366241845490965,-0.027962828128838275,0.072824440896511
MEGNet,megnet_emb,matbench_perovskites,0,64,47.65883286446814,4.14172333232735,11.49299767533973,11.196784430274613,11.08908867088207,0.06052353352087149,-0.016998241593833164,0.0387548208236694
MEGNet,megnet_emb,matbench_perovskites,1,64,47.85564274331484,4.143462554946394,11.555468093078366,11.334824801723585,11.150048862710007,0.013253784029272391,-0.004344006711194341,0.0416468903422355
MEGNet,megnet_emb,matbench_perovskites,2,64,47.446495954354035,4.141322294293747,11.516504241537682,11.22516292893941,11.13000793237755,0.004340827464193007,-0.0038521770457742377,0.0394978262484073
MEGNet,megnet_emb,matbench_perovskites,3,64,47.86159912921882,4.140293754152163,11.534932800623034,11.249459847748492,11.139518296894115,0.017647913237145346,0.005778022143399332,0.0399038419127464
MEGNet,megnet_emb,matbench_perovskites,4,64,47.54582507508101,4.137009976019611,11.535257723209094,11.14761524580637,11.057354821279477,0.0049732472781552056,-0.011155377665616794,0.0401385016739368
MEGNet,megnet_emb,matbench_mp_gap,0,64,55.17119332512168,4.146741816387391,17.44951352084341,16.480014822462213,16.53794824164143,0.044088150419917954,-0.03792870772839129,0.2694936394691467
MEGNet,megnet_emb,matbench_mp_gap,1,64,56.02273080303661,4.146928471356429,17.47417050215822,16.612338835227533,16.618324477143904,0.0942426830425529,-0.0135678821788087,0.2571224272251129
MEGNet,megnet_emb,matbench_mp_gap,2,64,55.72457515018431,4.144045290171787,17.51298377335407,16.787554475153204,16.51274289415353,0.07719088084453263,-0.0333424895001144,0.2687797844409942
MEGNet,megnet_emb,matbench_mp_gap,3,64,55.56541530629798,4.148479775128292,17.44416558167696,16.579331413021155,16.529850080544804,0.01999704145990506,0.013863852366021385,0.2595172524452209
MEGNet,megnet_emb,matbench_mp_gap,4,64,55.556912932246675,4.144253565525229,17.45129563592505,16.647915523013744,16.523334253677888,0.05270649839224209,-0.03461483433758231,0.2642871439456939
MEGNet,megnet_emb,matbench_mp_e_form,0,64,55.76398474442632,4.1416387456179775,17.689366938270737,16.55693825647494,16.5653958063651,0.15471993732863298,0.01616089345814305,0.0335848741233348
MEGNet,megnet_emb,matbench_mp_e_form,1,64,56.33662800433819,4.147215321740662,17.551780073887617,16.6455801122415,16.530088736062716,0.1112647674740211,0.012601904290784121,0.0372017286717891
MEGNet,megnet_emb,matbench_mp_e_form,2,64,56.60394433914521,4.144324161526933,17.48089806832442,16.48012068186063,16.485923477684608,0.11141906120508117,0.002289016808151275,0.037448763847351
MEGNet,megnet_emb,matbench_mp_e_form,3,64,56.12734666152505,4.144288363306223,17.617671808024532,16.46712383411234,16.434610176233562,0.11096680492130657,-0.0008130481162987096,0.035722903907299
MEGNet,megnet_emb,matbench_mp_e_form,4,64,56.23827757770458,4.14876113664381,17.516273087580476,16.373095699458073,16.333701540285084,0.17506998039415678,-0.007053187750212973,0.0328975394368171
MEGNet,megnet_hm,matbench_jdft2d,0,8,5.503349975555513,2.0686796446093263,28.194015496903987,18.88363300781587,15.916808808241935,0.07335394628188438,-0.055320122009281054,35.54682159423828
MEGNet,megnet_hm,matbench_jdft2d,1,8,5.428656365336479,2.062654648728363,23.001887719025664,11.026476754088623,8.801396227132146,0.11922330855091147,-0.1603070052204354,53.650299072265625
MEGNet,megnet_hm,matbench_jdft2d,2,8,5.111406579593839,2.057262512734004,24.624314994874513,15.606942466995594,9.803214886248437,0.14469438610144994,-0.042843009623244305,72.97830200195312
MEGNet,megnet_hm,matbench_jdft2d,3,8,4.984070606447996,2.068215174080725,25.544096254946485,18.092827486726474,9.097382675069792,0.16072064380912307,-0.07482754171389848,45.44623947143555
MEGNet,megnet_hm,matbench_jdft2d,4,8,5.182245077374966,2.0686635215471427,26.289612792895344,18.144434404448866,9.728626234883771,0.03339494077166359,-0.10668394123503674,51.41798400878906
MEGNet,megnet_hm,matbench_phonons,0,8,5.695716791041648,2.061897231444859,20.69616632243804,12.942195100167329,9.211832241768256,0.05635237134952764,0.15702194290117538,37.15433120727539
MEGNet,megnet_hm,matbench_phonons,1,8,6.09565842090141,2.0641474602029852,19.998217804717765,14.48410091145358,9.126102374969404,0.09050199152523128,0.2186974214063121,31.56780433654785
MEGNet,megnet_hm,matbench_phonons,2,8,5.970036276321802,2.061678669531147,19.0923433336434,13.35308149022388,9.308984189615495,0.06646438722521378,0.22569456176090957,31.6718807220459
MEGNet,megnet_hm,matbench_phonons,3,8,5.943999688557419,2.078504487505966,18.455530090211813,11.564958005771054,10.24324051528625,0.054989366697047536,0.05692582873273713,31.14019203186035
MEGNet,megnet_hm,matbench_phonons,4,8,5.587099167322887,2.069616314003321,20.617866556043744,13.266855136027857,9.456850018821921,0.12774738458585277,0.11916510621656953,27.55644798278809
MEGNet,megnet_hm,matbench_dielectric,0,8,5.394975299356897,2.056079170316366,33.72035742029086,28.76155976510784,9.600079173705648,0.3118243591620341,0.18595053226723923,0.2190350592136383
MEGNet,megnet_hm,matbench_dielectric,1,8,5.519411375311242,2.0688891365415447,32.71525315487102,28.12542750593152,9.784104103570183,0.2721380394480064,0.2007426014721984,0.302244633436203
MEGNet,megnet_hm,matbench_dielectric,2,8,4.70945337825002,2.0542340282927407,39.540000342816654,34.2334032251436,8.850462282167747,0.4484474820696183,0.2670515962487058,0.4581956267356872
MEGNet,megnet_hm,matbench_dielectric,3,8,4.962366042661758,2.054508587740462,36.16786368934748,29.843081055807787,9.212432255279955,0.3859886857812169,0.24534816962837672,0.355884850025177
MEGNet,megnet_hm,matbench_dielectric,4,8,4.858285048149459,2.039419388706108,37.82149140469229,32.62121798956244,9.016453316086901,0.38097318759719107,0.23102613290819576,0.3252992331981659
MEGNet,megnet_hm,matbench_log_gvrh,0,8,6.1585792885875525,2.0574275351522724,24.754347220284973,16.745808658604773,12.351562288157277,0.40624298818715765,0.4068998210668267,0.095697320997715
MEGNet,megnet_hm,matbench_log_gvrh,1,8,6.055435257323618,2.0425706368580205,26.503677149187084,19.054341781025915,12.0057102059941,0.2817769523732623,0.31189424983601716,0.0980541706085205
MEGNet,megnet_hm,matbench_log_gvrh,2,8,6.29748601078327,2.045989387196286,24.99645530238291,18.003736791530272,12.308100770718886,0.41057928585705383,0.463985003554539,0.0946890637278556
MEGNet,megnet_hm,matbench_log_gvrh,3,8,6.032692815558233,2.038444101537803,27.246803435211294,20.725545185851306,11.662857132833212,0.2800249737642636,0.27334423566871396,0.0992141291499137
MEGNet,megnet_hm,matbench_log_gvrh,4,8,6.489482063946306,2.039069794691965,25.59976822183626,19.100340047557808,12.482085383553406,0.3561892182380897,0.41426652248537965,0.0992723032832145
MEGNet,megnet_hm,matbench_log_kvrh,0,8,6.325250885265803,2.0336026917969687,26.027996755077368,19.496901347955085,11.90901818010577,0.4556530396366125,0.43475523855207127,0.0662681236863136
MEGNet,megnet_hm,matbench_log_kvrh,1,8,6.2054900013117935,2.048378751794157,27.41877144724856,21.20039370506555,11.704851172256548,0.42071023345755376,0.45334237787237525,0.0686960890889167
MEGNet,megnet_hm,matbench_log_kvrh,2,8,6.6152087441380125,2.042925525924539,24.23221039949869,17.766468328584537,12.664862052518567,0.37933516315949983,0.361586955315178,0.0671212598681449
MEGNet,megnet_hm,matbench_log_kvrh,3,8,6.261720236844392,2.019994809796123,25.55435520606962,18.58142724544626,12.25483355227683,0.5312283251312878,0.34578507230325545,0.0752314403653144
MEGNet,megnet_hm,matbench_log_kvrh,4,8,6.514765047110235,2.0184929800753544,24.36322183258782,17.27148139637553,12.310310128571942,0.3236878597111267,0.3976777069630358,0.0679202303290367
MEGNet,megnet_hm,matbench_perovskites,0,8,6.749319375474191,2.0606180194393406,13.96933504779377,10.241662653212881,9.615838418416407,0.17598344701646218,0.2015124259518439,0.0452129356563091
MEGNet,megnet_hm,matbench_perovskites,1,8,6.887238717621073,2.0626390769636203,14.358284511954643,10.751189839465864,8.951542013309355,0.21876234299707717,0.20794009995527846,0.0420187599956989
MEGNet,megnet_hm,matbench_perovskites,2,8,6.619054042544302,2.0606939756058207,13.47497287246259,9.257363133054685,9.231788876260499,0.2137444023424044,0.2220343085524205,0.0446749813854694
MEGNet,megnet_hm,matbench_perovskites,3,8,6.6453561330823305,2.0656351532447723,13.655952564288887,9.55196885282291,9.376267251801142,0.15148315907775092,0.07126373518132219,0.0450346283614635
MEGNet,megnet_hm,matbench_perovskites,4,8,6.689306380305613,2.059729821581027,14.56725139104233,10.546121601886448,9.200126745863393,0.11345836063009064,0.03638273971732051,0.04295190051198
MEGNet,megnet_hm,matbench_mp_gap,0,8,6.648802004755282,2.0439962881703293,21.593268622038206,15.011376381072019,12.65127700745906,0.25434790954812453,0.18430039135097118,0.2865048944950104
MEGNet,megnet_hm,matbench_mp_gap,1,8,6.679989770230469,2.0232958810480426,22.603310996009128,17.00154810730315,12.922743677717467,0.3362114364796512,0.2027242058510042,0.2847338020801544
MEGNet,megnet_hm,matbench_mp_gap,2,8,6.130822450167237,2.0395995311261172,23.871557022170954,16.919977561115573,11.910725246414433,0.36338069323203914,0.2707163090421104,0.2795590460300445
MEGNet,megnet_hm,matbench_mp_gap,3,8,6.89668707135293,2.045628260945717,22.294507974714694,16.96111072870474,12.179987083683958,0.2561973852659348,0.13074028500667517,0.2729722857475281
MEGNet,megnet_hm,matbench_mp_gap,4,8,6.873963852832799,2.061842705717951,20.93447644533781,15.352096866839101,13.2584328063775,0.39223072551118865,0.08961015547494304,0.2903774678707123
MEGNet,megnet_hm,matbench_mp_e_form,0,8,6.733993285303139,1.9936770645779136,24.127136011858855,17.255556888430018,12.194727570204916,0.4123316994084939,0.24912465956929286,0.042295217514038
MEGNet,megnet_hm,matbench_mp_e_form,1,8,6.800277261151615,1.9627047767454049,23.543455379191908,15.873763507392907,12.72405550929153,0.4638200220197116,0.25433933042983425,0.0424300208687782
MEGNet,megnet_hm,matbench_mp_e_form,2,8,6.977795710327897,1.9600585195505205,23.162960974744827,15.638403688675776,12.954063717818704,0.43608100882855394,0.2636033762307951,0.042421244084835
MEGNet,megnet_hm,matbench_mp_e_form,3,8,6.8188583935557325,1.9496879909302076,24.24887715319897,16.472389050072707,12.206670164698629,0.3223509579700847,0.21492290143819665,0.0417401678860187
MEGNet,megnet_hm,matbench_mp_e_form,4,8,6.733340758211871,1.965187513293241,24.02604560546051,16.040089077713,12.334160955575552,0.35122014036443244,0.2803401480171524,0.043384451419115
MEGNet,megnet_hm,matbench_jdft2d,0,16,8.951851354750916,2.681532414250972,31.77089627179725,25.712560329772458,11.406436986473395,0.21651705267659874,0.07860900411126977,36.60160827636719
MEGNet,megnet_hm,matbench_jdft2d,1,16,9.87347478127311,2.751341922799413,28.255115408382654,20.2686740763538,14.45588693787995,0.10202961542086385,0.08133531394074749,53.81731796264648
MEGNet,megnet_hm,matbench_jdft2d,2,16,9.601929072200996,2.7524505599461984,28.106823380596442,22.114279269077937,10.047073879372517,0.2736696686562757,-0.014665138536850619,70.52222442626953
MEGNet,megnet_hm,matbench_jdft2d,3,16,9.587020322444586,2.725665868093511,32.81328447958606,27.60427041687064,12.702011670682685,0.18853105083132243,-0.0027923817440719113,37.49980163574219
MEGNet,megnet_hm,matbench_jdft2d,4,16,10.07323600655398,2.7160418651615466,26.10230515345923,18.312569932800134,12.339176984173035,0.14612735151814127,0.033855672997043416,54.82179641723633
MEGNet,megnet_hm,matbench_phonons,0,16,9.951416270111684,2.755352418580978,19.383251178822853,11.27460751184448,10.285744774028156,0.035920532307497456,0.12629216289603384,36.13421630859375
MEGNet,megnet_hm,matbench_phonons,1,16,10.718142932869164,2.743203549931927,18.785684021937872,12.085066334690776,10.602130969587842,0.09965801174477594,0.2606088877298302,34.048526763916016
MEGNet,megnet_hm,matbench_phonons,2,16,10.400739538861835,2.742756565629638,18.35418649994203,11.298260825003743,10.44729603218326,0.03368843165817994,0.1660774352751938,31.2317008972168
MEGNet,megnet_hm,matbench_phonons,3,16,10.544982342215077,2.7452408680815106,18.103781463148827,11.800123705841262,10.452210429172972,0.03343722633923107,0.2933233884039975,31.015586853027344
MEGNet,megnet_hm,matbench_phonons,4,16,10.745379352698242,2.7463458966844154,17.94416984819188,11.375666547517897,10.668304105386362,0.025543956970707847,0.25129621271468217,28.68390655517578
MEGNet,megnet_hm,matbench_dielectric,0,16,8.557920286140734,2.730037306407867,34.05375440952334,28.939412555879926,10.105002649074025,0.36368206042946655,0.24280568307176456,0.2248934805393219
MEGNet,megnet_hm,matbench_dielectric,1,16,8.394391313353575,2.755900082470137,36.08529977064764,32.1190077776522,9.598028105801,0.24863522298308074,0.019042818605629237,0.3129140436649322
MEGNet,megnet_hm,matbench_dielectric,2,16,8.372507764946928,2.733370711355358,36.795821234842784,31.928992412277662,9.517758947530393,0.3001297875701756,0.17244157639453964,0.442432165145874
MEGNet,megnet_hm,matbench_dielectric,3,16,8.78435386573989,2.7473044884682047,34.36014836505044,29.422009935062874,9.670996781577434,0.36353488183044147,0.22157337376066724,0.3425777554512024
MEGNet,megnet_hm,matbench_dielectric,4,16,8.28173134283692,2.737968086743937,34.169013920325625,28.7287566319364,10.4853148651701,0.40190484786360053,0.38594012859385046,0.3667110502719879
MEGNet,megnet_hm,matbench_log_gvrh,0,16,10.62683770797243,2.5887184750834367,25.011955248292974,17.629163202504238,12.925139403010737,0.315096251266464,0.39528293413057397,0.0990026146173477
MEGNet,megnet_hm,matbench_log_gvrh,1,16,10.223207222867012,2.514139674792438,26.462765200761712,18.462886173434498,12.643629275177782,0.3464485760771017,0.41772767193436844,0.0987881794571876
MEGNet,megnet_hm,matbench_log_gvrh,2,16,10.416902096225948,2.561353698325455,24.71074782134609,17.200716234236282,12.732364595147416,0.3508471845213748,0.36612220698557846,0.0917234942317009
MEGNet,megnet_hm,matbench_log_gvrh,3,16,10.449417145827189,2.567263281913961,25.203228080711227,18.031539816890373,12.87479497303467,0.32859306319949766,0.4716441182986641,0.0974393039941787
MEGNet,megnet_hm,matbench_log_gvrh,4,16,10.553851327093012,2.6287900553053074,25.53360524290546,19.027378835692186,12.784781724816192,0.4084767525414944,0.4839750946030428,0.0945558249950409
MEGNet,megnet_hm,matbench_log_kvrh,0,16,10.665988324162605,2.6182812186841056,24.987706768153522,18.789809414708348,13.211106728292854,0.2762869007740851,0.1767546026302947,0.0679345205426216
MEGNet,megnet_hm,matbench_log_kvrh,1,16,10.845666911955776,2.5840107296747377,25.996395923104746,20.029368191993346,12.758519571928955,0.41259309734724864,0.45400475401200646,0.0682474449276924
MEGNet,megnet_hm,matbench_log_kvrh,2,16,10.674159985583485,2.5955346645635546,25.093531327708384,19.524032969970506,13.055654502171855,0.33045897079276776,0.34074201809116994,0.0621614940464496
MEGNet,megnet_hm,matbench_log_kvrh,3,16,10.734752000101338,2.554643750526192,24.76618359718785,18.06889748766573,13.532246675970859,0.3536977491961415,0.4857560272025375,0.0721549019217491
MEGNet,megnet_hm,matbench_log_kvrh,4,16,11.113220724929386,2.59796723771837,24.774617167784953,18.745686709517003,12.958866455111757,0.3373680144218388,0.3981668580775682,0.0668515563011169
MEGNet,megnet_hm,matbench_perovskites,0,16,10.581367997507892,2.7113662950754778,14.852932938533717,11.159456148059977,8.809103879513486,0.13802818306024553,0.13733340461006155,0.0448449365794658
MEGNet,megnet_hm,matbench_perovskites,1,16,10.234685275389594,2.711601211733062,16.03779651901773,12.920458206741962,8.191752434701343,0.19119627440514375,0.087281258954048,0.048707365989685
MEGNet,megnet_hm,matbench_perovskites,2,16,10.074495663551167,2.6989013864316975,17.104587100690836,14.001642314344648,7.570517531547002,0.19273628672791776,0.05190688863361324,0.0453129708766937
MEGNet,megnet_hm,matbench_perovskites,3,16,10.552326205281501,2.7256145824378843,14.530482738549205,10.837804667134332,8.837553591379589,0.19091512279827635,0.16381021883121857,0.0449859872460365
MEGNet,megnet_hm,matbench_perovskites,4,16,10.28577490856349,2.72315942075386,14.226611373170988,10.298147898735023,9.223440732864974,0.31401250714570306,0.24596526464672447,0.0463507547974586
MEGNet,megnet_hm,matbench_mp_gap,0,16,10.640598694885593,2.605027335075196,21.521559858270113,15.893758701891745,13.139205522679182,0.3253648348432241,0.17292172407963338,0.2781075239181518
MEGNet,megnet_hm,matbench_mp_gap,1,16,11.157056852531056,2.730839371604163,21.296887153880693,16.343091707532412,13.179069392928508,0.3929667664557202,0.22230203769140885,0.2782747447490692
MEGNet,megnet_hm,matbench_mp_gap,2,16,10.914632452987805,2.678762383292953,21.646470924774484,16.116359544599046,13.284611181477468,0.2569590152468877,0.1378302663734224,0.2656760513782501
MEGNet,megnet_hm,matbench_mp_gap,3,16,11.211827324631956,2.626380234557821,21.333909642257336,15.711162129638225,13.121286343051672,0.3802163024572692,0.23831804430163223,0.2682055532932281
MEGNet,megnet_hm,matbench_mp_gap,4,16,10.972069993982487,2.6104036179634327,21.080573963472908,15.773444412038101,13.210519061134363,0.28135682703095094,0.20746760881807105,0.2747836112976074
MEGNet,megnet_hm,matbench_mp_e_form,0,16,11.589916344008511,2.579253544408762,22.70516540080004,15.323037585682709,13.355010505297805,0.3680719548862478,0.2959021671223403,0.0391453765332698
MEGNet,megnet_hm,matbench_mp_e_form,1,16,11.582544966847122,2.6046697410109214,22.57725736195534,15.009875932666443,13.72720759205245,0.39143422430849206,0.3135419197581961,0.0321328565478324
MEGNet,megnet_hm,matbench_mp_e_form,2,16,12.010218405343371,2.599835546188551,22.079528902162707,14.769628734397923,13.214395184162292,0.33085271317829457,0.30667803695693113,0.0362121574580669
MEGNet,megnet_hm,matbench_mp_e_form,3,16,11.793443283551603,2.614469603219031,22.956602776546198,15.523910974574589,12.927962669800902,0.35225801679180385,0.30101924686182324,0.0355830118060112
MEGNet,megnet_hm,matbench_mp_e_form,4,16,12.050574794435596,2.6276929064973413,22.206308824947488,14.459038920535729,13.43292240222968,0.32377126833150177,0.2907126081855335,0.0357566550374031
MEGNet,megnet_hm,matbench_jdft2d,0,32,17.000762058568853,3.442650892889543,26.306360945655637,21.381473748284208,12.954747328621556,0.25653771760154737,0.04945961632494696,34.29041290283203
MEGNet,megnet_hm,matbench_jdft2d,1,32,17.25201177146741,3.427092973623693,23.10811877064925,13.219170373960772,12.226699223337503,0.16884515133376807,0.14372552584257817,58.946075439453125
MEGNet,megnet_hm,matbench_jdft2d,2,32,16.766675376988232,3.431968963234182,25.283665921991993,17.4267587588825,13.020663895863596,0.13319435123441806,0.14150509533529207,72.61417388916016
MEGNet,megnet_hm,matbench_jdft2d,3,32,17.621699365186142,3.4288346411841433,23.799293898944175,16.69732928656879,13.246978959169217,0.2572356878543602,0.021335109808419687,33.99420928955078
MEGNet,megnet_hm,matbench_jdft2d,4,32,16.158906016005357,3.4368456954756392,28.96794550880716,22.89087350804861,12.482316347426192,0.14827101853734267,0.042509013785155585,53.33243179321289
MEGNet,megnet_hm,matbench_phonons,0,32,16.291549037161644,3.44517015325342,19.61146361750605,12.832836193568594,11.36567767270838,0.10531921118848382,0.0750671631318957,36.346981048583984
MEGNet,megnet_hm,matbench_phonons,1,32,17.534808174872925,3.447810702112193,18.028033996167398,12.739084674935965,11.367986159066238,0.15184167124793843,0.06823074859437776,33.763973236083984
MEGNet,megnet_hm,matbench_phonons,2,32,17.495364161079355,3.4396217019867645,18.332519506545562,12.892151482440806,11.266927324984227,0.09089086539661179,0.17120625406660037,35.508758544921875
MEGNet,megnet_hm,matbench_phonons,3,32,17.361314642325304,3.4503818940686433,18.254625848493383,12.629304141052272,11.69225633192145,0.1491442542787286,0.06810441099991674,33.169490814208984
MEGNet,megnet_hm,matbench_phonons,4,32,17.06908423746512,3.4458705344323217,19.996303361675988,14.457720603875018,11.711189158190054,0.024952118184375125,0.06308995653032073,31.989294052124023
MEGNet,megnet_hm,matbench_dielectric,0,32,16.120952345982154,3.4073704348097946,27.761205854333884,21.068112864179263,11.237460002858876,0.478522078702313,0.3466760161786976,0.2072653472423553
MEGNet,megnet_hm,matbench_dielectric,1,32,15.419741986639288,3.3960712322729636,28.369254455246598,22.60414055696315,10.588250192756437,0.351504946327089,0.22811258801597056,0.3075746595859527
MEGNet,megnet_hm,matbench_dielectric,2,32,15.497862356035803,3.4384723810476236,31.936690432740523,27.668355013592937,9.94698841260467,0.38747027809366275,0.3054842301001661,0.4348369240760803
MEGNet,megnet_hm,matbench_dielectric,3,32,15.605780229451426,3.412538879447926,28.129981497979706,21.84668912562497,10.809382298533171,0.30045212773873625,0.26635968072023647,0.3434158265590668
MEGNet,megnet_hm,matbench_dielectric,4,32,15.622667726391382,3.4228105103803563,29.67746848140534,24.988279840065488,10.465725685057572,0.33897906295141234,0.2459347639521613,0.3269305825233459
MEGNet,megnet_hm,matbench_log_gvrh,0,32,18.773165609372075,3.4024336552159955,22.275378887508534,15.49247754490984,13.67169472208529,0.3737844898999554,0.4051501151156684,0.0943138599395752
MEGNet,megnet_hm,matbench_log_gvrh,1,32,18.416531689542058,3.4207208013145745,22.99940227659038,16.873902752586382,13.177044308808917,0.43333734151001374,0.2516668023449512,0.0959092229604721
MEGNet,megnet_hm,matbench_log_gvrh,2,32,18.939348547737012,3.3786213026472516,22.52940308128259,16.422648603308456,13.410964765886991,0.42645289025195077,0.40815448215794586,0.0916943252086639
MEGNet,megnet_hm,matbench_log_gvrh,3,32,19.200962089822116,3.3995597533482638,22.534567006971088,16.3338717016137,13.13336296787053,0.3694972665346633,0.2928060044242513,0.0932576432824134
MEGNet,megnet_hm,matbench_log_gvrh,4,32,18.558627551789417,3.4185869718859587,22.368542419014666,16.486400663042446,13.527459634322176,0.37487775449291927,0.43159188543861404,0.0924016311764717
MEGNet,megnet_hm,matbench_log_kvrh,0,32,19.15599759117279,3.397903014830472,22.439838608015812,16.770885625752488,13.511388169431639,0.48335075765769014,0.29662930206968613,0.0664299428462982
MEGNet,megnet_hm,matbench_log_kvrh,1,32,18.42394326445835,3.3867540794543016,23.632569080520774,17.93402696036969,13.476373634473905,0.498264370091731,0.31238759648277414,0.065232902765274
MEGNet,megnet_hm,matbench_log_kvrh,2,32,18.885829807355833,3.3849271706746062,22.063795874765518,15.595923937734074,13.525333146806933,0.6468961605275286,0.2913847430150078,0.0624925605952739
MEGNet,megnet_hm,matbench_log_kvrh,3,32,19.004968667066855,3.3813567147737857,22.065441210533063,15.998074165377453,14.200989377014244,0.4512276211625077,0.2899804401568157,0.0703712925314903
MEGNet,megnet_hm,matbench_log_kvrh,4,32,18.997288718011934,3.3962854407556966,22.29013495837062,16.16474445801438,13.958190944672403,0.5151456536036211,0.3044792571620478,0.0656529515981674
MEGNet,megnet_hm,matbench_perovskites,0,32,17.493251429635205,3.3737626568802765,13.222155497444199,9.978649631530566,9.472052465383623,0.21857848001105265,0.2130025384728659,0.0406101420521736
MEGNet,megnet_hm,matbench_perovskites,1,32,17.596272931982924,3.389356617139169,13.506068435158243,10.462217631198948,9.200585695224108,0.15897558151415045,0.12305874529966986,0.0413478128612041
MEGNet,megnet_hm,matbench_perovskites,2,32,17.248747540937224,3.39038034037432,13.133853341112182,9.887286614790774,9.611777364704396,0.22763153018492668,0.11426500534740189,0.0405105650424957
MEGNet,megnet_hm,matbench_perovskites,3,32,17.447560786704447,3.3940803867122074,13.322614056726092,10.404756080433565,9.182612397039396,0.2681837032940991,0.24651499238598218,0.0385797321796417
MEGNet,megnet_hm,matbench_perovskites,4,32,17.469961497220012,3.3820924462714634,13.451974982019006,10.548359716000675,9.301583341955803,0.12346042579728723,0.09382168504890555,0.0407325588166713
MEGNet,megnet_hm,matbench_mp_gap,0,32,17.121051847700908,3.2965104800709186,20.1981423079233,15.455898256357255,14.05769002322027,0.3230978019608589,0.29113733751338927,0.2819198668003082
MEGNet,megnet_hm,matbench_mp_gap,1,32,17.084758971840373,3.262450614887294,19.82365380325969,15.217074963882144,14.573445755001993,0.25740379382209655,0.17466023592658372,0.262685477733612
MEGNet,megnet_hm,matbench_mp_gap,2,32,17.513087802722513,3.3050622080203085,20.54542535456793,16.190158215639936,13.786574358791947,0.3427116081021927,0.2619369923529346,0.2791180908679962
MEGNet,megnet_hm,matbench_mp_gap,3,32,17.366668468796675,3.2609213506450554,20.390080828279853,15.177597128495023,13.714722812513767,0.40177995300534475,0.23256057147570242,0.2755661010742187
MEGNet,megnet_hm,matbench_mp_gap,4,32,18.046781181363688,3.3495409191691206,19.949448649362953,15.218902712607605,14.052958330251865,0.25586564275457324,0.10767689112141705,0.2923040091991424
MEGNet,megnet_hm,matbench_mp_e_form,0,32,18.764760302329876,3.1893626010636202,22.27594637630389,15.425845834908838,13.900204680054271,0.40629009058041443,0.23744636018553225,0.0362151861190795
MEGNet,megnet_hm,matbench_mp_e_form,1,32,19.652833793684238,3.2681538411452413,22.008810583575432,15.107210079643455,13.690903244260692,0.29862965609759157,0.3249767731590255,0.0379595309495925
MEGNet,megnet_hm,matbench_mp_e_form,2,32,18.908206726898108,3.3287363821147875,21.757906106485695,15.262320616138865,14.357450803171853,0.3784606103526511,0.28412509131839925,0.0331404879689216
MEGNet,megnet_hm,matbench_mp_e_form,3,32,19.413946177280714,3.3256890696328427,21.855229440314286,15.60486774400151,13.425266026900587,0.39397334363531,0.2958597015681453,0.0330711975693702
MEGNet,megnet_hm,matbench_mp_e_form,4,32,19.806959424210724,3.3051372653823328,21.540980593075965,15.117986762671606,14.011246880336603,0.3557062767083546,0.2835560044317747,0.038706712424755
MEGNet,megnet_hm,matbench_jdft2d,0,64,24.29569116136353,4.105803604099217,28.318876306036483,24.25236129378244,11.846288260668342,0.3082155731894925,0.12362308963547199,35.8297119140625
MEGNet,megnet_hm,matbench_jdft2d,1,64,24.04444146280069,4.130589445901236,24.20830120826454,17.406797590370857,14.876555619801955,0.2836310711784243,0.047097752642846324,55.75334167480469
MEGNet,megnet_hm,matbench_jdft2d,2,64,23.928808481156135,4.125847726347464,23.069305744785677,17.358614433954394,15.552477449703662,0.14865820543411953,-0.006800651498437712,71.87427520751953
MEGNet,megnet_hm,matbench_jdft2d,3,64,23.137701225973775,4.122514355183037,29.067807836876778,25.32367755548468,11.587599735364604,0.16536511411676874,0.06353022011988739,37.88687133789063
MEGNet,megnet_hm,matbench_jdft2d,4,64,23.550734609231878,4.129145337341641,28.89243861108057,24.43427900421873,13.156016267604787,0.212498822516182,0.0059343637181252075,52.14669036865234
MEGNet,megnet_hm,matbench_phonons,0,64,23.956021288139013,4.1332416986773115,17.863857350763567,12.448223463725618,11.519645156284016,0.011474605214273298,0.1033333147564888,36.25010681152344
MEGNet,megnet_hm,matbench_phonons,1,64,24.50107788679542,4.138815836618022,17.560078079712497,12.583358054031272,11.323868705290588,0.10692022909217479,0.013281226744133286,32.47251892089844
MEGNet,megnet_hm,matbench_phonons,2,64,23.9117415298927,4.135951008492963,17.916248139275957,12.95960791590919,11.671607893210133,0.07494643361557593,0.16258780901598818,34.972835540771484
MEGNet,megnet_hm,matbench_phonons,3,64,24.235696799412576,4.136011112805306,17.815225948774582,12.8152661045198,11.872797972031357,0.047953527397103256,0.07783802950092825,33.33399200439453
MEGNet,megnet_hm,matbench_phonons,4,64,24.834428922875702,4.135439397517828,19.970802347661312,15.396077355273633,12.828135510449705,0.10124965751675266,0.1249737171449885,35.0939826965332
MEGNet,megnet_hm,matbench_dielectric,0,64,21.962649391413454,4.086496114289327,28.415263489580255,22.926494864381333,10.557485757356229,0.37334619173906963,0.23521692276424666,0.2130202800035476
MEGNet,megnet_hm,matbench_dielectric,1,64,21.699281907853905,4.084157388152413,28.812910002788662,23.37851766255377,10.047125492897793,0.3526927751190063,0.22428197464811397,0.3022615611553192
MEGNet,megnet_hm,matbench_dielectric,2,64,20.744841455335248,4.0978750762390685,33.15018502228229,28.57101634406176,9.745723183401072,0.38751195438716884,0.3149803809188884,0.4501666128635406
MEGNet,megnet_hm,matbench_dielectric,3,64,21.774448394340563,4.085904735389065,28.094752673950037,22.470528352781063,10.850510450212525,0.35611415130028956,0.2676071952916663,0.3334436416625976
MEGNet,megnet_hm,matbench_dielectric,4,64,22.126037766796422,4.10980915206035,27.43199942828484,22.131135233686983,11.074709144337048,0.4548328463399664,0.2779077066297899,0.3654540181159973
MEGNet,megnet_hm,matbench_log_gvrh,0,64,25.447787517748335,4.050916699017483,22.540114916388827,16.928952270997627,13.16806970583206,0.3285553575265759,0.24933190694347238,0.0911823511123657
MEGNet,megnet_hm,matbench_log_gvrh,1,64,25.259724846921213,4.0683486789179195,22.66677281012176,17.038743978211823,13.487002342776156,0.43063312966225586,0.3542468238087327,0.0962844565510749
MEGNet,megnet_hm,matbench_log_gvrh,2,64,24.286743298944078,4.03950093760259,23.58969146389073,17.50361239735946,12.943710961373679,0.35941492981983025,0.33376881795090974,0.0913755893707275
MEGNet,megnet_hm,matbench_log_gvrh,3,64,25.165598896009392,4.0599861367457475,22.6053406076628,16.91427287664353,13.21613903933623,0.3513571709034718,0.3955030268377665,0.0986748337745666
MEGNet,megnet_hm,matbench_log_gvrh,4,64,25.28834779092628,4.086980670030208,22.149129425420337,16.89969009268036,13.331311530197448,0.36218465344678935,0.34259218364236055,0.0972475185990333
MEGNet,megnet_hm,matbench_log_kvrh,0,64,26.573738741985576,4.0776423526363565,22.708535764512252,17.625088969821114,13.065958306142772,0.39538145228272265,0.2850367816948558,0.065236784517765
MEGNet,megnet_hm,matbench_log_kvrh,1,64,26.799347656377673,4.087944264259592,22.161083949250934,17.160800109310166,13.71643020394914,0.41305368812312976,0.2545078969573023,0.0698580890893936
MEGNet,megnet_hm,matbench_log_kvrh,2,64,25.907268855715774,4.070204468266639,23.340521986373435,17.922403352087144,13.365365787056488,0.4456628367936572,0.2372495590548127,0.0669507086277008
MEGNet,megnet_hm,matbench_log_kvrh,3,64,25.943002433483265,4.068047667585681,22.386698318947136,16.24259362430618,13.422840220163055,0.3346606805907997,0.32405972623693524,0.0705750361084938
MEGNet,megnet_hm,matbench_log_kvrh,4,64,26.255926214137542,4.088235255129529,22.35381323869967,17.404495226013648,13.70442320025129,0.5096827197683972,0.26073315564221433,0.0690255090594291
MEGNet,megnet_hm,matbench_perovskites,0,64,22.42884744165741,4.097968234408174,13.139991725337627,10.222749317216417,9.484317343476468,0.2073033415905902,0.14573625770023985,0.0399684123694896
MEGNet,megnet_hm,matbench_perovskites,1,64,22.472362241936793,4.106007261327425,13.113897559646722,10.128861451264386,9.56527192343877,0.09481038872211878,0.10476189675164946,0.0406812280416488
MEGNet,megnet_hm,matbench_perovskites,2,64,22.24170066787649,4.110453057415168,13.046245111007835,10.142366510978041,9.622091799335289,0.10028958412635697,0.06484846058494864,0.039883516728878
MEGNet,megnet_hm,matbench_perovskites,3,64,22.539099097110633,4.119943010812738,13.224438096666947,10.362500075437811,9.298118658885317,0.24874238973722407,0.17746392707691686,0.039680391550064
MEGNet,megnet_hm,matbench_perovskites,4,64,22.575141655418328,4.110959719359071,13.12181972960167,10.235607290018004,9.409096985037388,0.10794538300864712,0.14329700607535623,0.0385954827070236
MEGNet,megnet_hm,matbench_mp_gap,0,64,25.16781460009553,3.8722793182447304,19.81776648484786,15.605188543420441,14.816088749502187,0.38689410958382514,0.22096062426624466,0.280945211648941
MEGNet,megnet_hm,matbench_mp_gap,1,64,24.896051651106795,3.8948883213708574,20.16261841686906,15.893293228409469,15.056815216213444,0.22637852105415102,0.234860488393089,0.2701964676380157
MEGNet,megnet_hm,matbench_mp_gap,2,64,24.65484690552317,3.849742086791813,20.45816118954832,16.11683537393401,14.952133290228502,0.3474992661791544,0.26234240758364463,0.2650614380836487
MEGNet,megnet_hm,matbench_mp_gap,3,64,24.549833583452518,3.9016458826792793,20.170738732169763,16.14405972012174,14.840854305551582,0.3240237615736343,0.22336828494834565,0.2502917647361755
MEGNet,megnet_hm,matbench_mp_gap,4,64,25.499396090746004,3.8632594834216087,19.19823438370529,15.132720563281552,15.133616256844885,0.2801848231739826,0.14646165382033263,0.271128237247467
MEGNet,megnet_hm,matbench_mp_e_form,0,64,27.02061703600646,3.8689319276569902,21.18359078496932,15.252095479951823,14.351299615892277,0.36054986970807057,0.2773538229748277,0.0319565087556839
MEGNet,megnet_hm,matbench_mp_e_form,1,64,26.389406722853586,3.860909511517069,21.79989526897794,15.979584722638936,14.650539250094738,0.3681532919900479,0.3191051655923284,0.0372528135776519
MEGNet,megnet_hm,matbench_mp_e_form,2,64,27.040707168551915,3.8362619950826935,20.90896009842245,14.967466368861531,14.406505437042393,0.32989582098594705,0.25203265910122663,0.0383766032755374
MEGNet,megnet_hm,matbench_mp_e_form,3,64,26.133981167983066,3.850443607930419,21.260467571275147,15.39778527384308,14.689960169426033,0.3266985447524265,0.2872011244215439,0.0360947288572788
MEGNet,megnet_hm,matbench_mp_e_form,4,64,26.346941661657652,3.9011544879770312,21.011672672606267,15.214569955942292,14.594936405003063,0.40996046167977956,0.27625557536923545,0.0347906686365604