Model,Method,Task,Fold,Dimension,Effective_Rank,Embedding_Entropy,Inverse_Squared_Distance,Spectral_Radius,Spectral_Gap,Fiedler_Value,ARI,Silhouette,MCDR,MAE,MAE_Norm
CGCNN,cgcnn_emb,matbench_jdft2d,0,8,7.895121661338838,2.0681905691796327,0.0466400869141025,39.380842508523415,35.61906819364454,22.27445132556027,-0.0067255827462131,0.0979359148020493,1.4845161179960389,47.5090217590332,0.3229758429686453
CGCNN,cgcnn_emb,matbench_jdft2d,1,8,7.905497550241696,2.0725907386910536,0.0437326768447467,39.17844425758353,35.75554035074774,17.71932669784944,-0.0020066087839629,0.0799588740091207,2.179207204133347,60.2819938659668,0.6239294168551395
CGCNN,cgcnn_emb,matbench_jdft2d,2,8,7.87154767007538,2.0711049297673583,0.0378068507649822,38.871720868894414,34.993820243714445,25.8602894193666,0.0208184862033329,0.1000837224692882,1.578229583997537,76.24305725097656,1.0
CGCNN,cgcnn_emb,matbench_jdft2d,3,8,7.910260689720813,2.0674803225302503,0.0443431360462756,38.19130757993285,34.80541996380557,25.68175997057048,-0.0092786086970979,0.1052092654814452,1.615534405540061,43.12605667114258,0.2197055158766147
CGCNN,cgcnn_emb,matbench_jdft2d,4,8,7.886378203073128,2.072898408013762,0.0425185551991903,39.24584912221238,35.04014448657939,23.31977495797276,0.0020192271059014,0.0814849211239927,1.6805757312896927,56.84969329833984,0.543058409400324
CGCNN,cgcnn_emb,matbench_phonons,0,8,7.835317515417504,2.057790688247293,0.0470276592639526,32.6419558123143,29.66433988938356,13.158857900641836,-0.0150272566207103,0.0901599183086057,1.5535041847238782,120.85586547851562,0.8650893548417711
CGCNN,cgcnn_emb,matbench_phonons,1,8,7.915797804301414,2.063131585114398,0.0449165243945893,32.777917363030056,29.986957087555503,20.712516626014896,-0.0444360333080999,0.0896609668687918,1.5135751488320088,95.01361083984376,0.505921864755021
CGCNN,cgcnn_emb,matbench_phonons,2,8,7.860147645606931,2.0728731438465964,0.0518815252696841,32.32910607467208,28.770759927162526,18.597196504023817,0.0059045098238827,0.1060942589638968,1.4604440169495558,107.58792877197266,0.6806854941048035
CGCNN,cgcnn_emb,matbench_phonons,3,8,7.841739729630275,2.0690155964206998,0.0475089750536871,33.14850297842378,30.412871908483424,14.588891708656217,-0.008422730808755,0.0724191435116028,1.4186555535748335,106.3216552734375,0.6630862450999723
CGCNN,cgcnn_emb,matbench_phonons,4,8,7.850655576140091,2.072328371814524,0.0461809363563593,32.30678541239045,29.1688516914528,21.709279232442043,0.0018627019338232,0.1251122901363064,1.505135548951174,83.64874267578125,0.3479677221801403
CGCNN,cgcnn_emb,matbench_dielectric,0,8,7.879740006434417,2.065362218472768,0.0446587469301055,40.95440394387807,36.80417710021482,23.7567561609612,0.0122826012636495,0.0977387787212958,1.604855839575211,0.416130393743515,0.29442696971553517
CGCNN,cgcnn_emb,matbench_dielectric,1,8,7.881111219637887,2.0689318229334392,0.0463303599844973,40.73685468653288,36.48702368382993,23.504303450926923,-0.0048476392644213,0.1419878398343297,1.7324357282858254,0.4816587567329407,0.5072370348496714
CGCNN,cgcnn_emb,matbench_dielectric,2,8,7.835435981975642,2.0621921229559463,0.047870684873302,41.32642532755063,37.58070445828776,16.606900281190306,-0.008437104510726,0.1178960246743678,1.6122993729143875,0.6333900690078735,1.0
CGCNN,cgcnn_emb,matbench_dielectric,3,8,7.908503337712244,2.069906815428853,0.0486101800852882,40.83925765598565,36.79584461737774,26.978597426958167,-0.007099180457689,0.1187843551323543,1.576419765776497,0.4796147644519806,0.5005989607303015
CGCNN,cgcnn_emb,matbench_dielectric,4,8,7.895979721122222,2.072206907512529,0.0454114084396332,40.37393201836508,36.22138715151388,26.95104432328521,-0.0071969582666948,0.100330673854058,1.4729917330275666,0.5495129823684692,0.7276005769612517
CGCNN,cgcnn_emb,matbench_log_gvrh,0,8,7.880942329601584,2.0748332295349368,0.0482241667864759,43.1533420880921,39.01041286470716,28.308767150966013,-0.0049436507604005,0.0796772811814534,1.4326498475904723,0.1072946935892105,0.4350096822707064
CGCNN,cgcnn_emb,matbench_log_gvrh,1,8,7.895518709459615,2.067728500363629,0.0445699508677856,43.18873083093778,38.67965682438599,23.84249363265449,0.0299635041679092,0.1008214158856832,1.405770056240137,0.130126342177391,1.0
CGCNN,cgcnn_emb,matbench_log_gvrh,2,8,7.90050646590924,2.0648017311780427,0.0439830272543304,42.78568562897091,38.40011397175324,30.532369318773625,-0.0061447142916858,0.088775929609408,1.4317004286132635,0.1216098889708519,0.7892524674902313
CGCNN,cgcnn_emb,matbench_log_gvrh,3,8,7.916843856497686,2.0738278812632664,0.0491853647382567,43.15594395682554,39.1289820187185,24.33253685446966,-0.003007620203655,0.0833262855736299,1.5390871576669898,0.1138070821762085,0.5961647772579951
CGCNN,cgcnn_emb,matbench_log_gvrh,4,8,7.9144057680518,2.0727006041935745,0.0475632471803949,43.23922596684573,39.55840924811394,25.37608784300181,0.0201364759073973,0.0952274002632668,1.3931919506116677,0.1131841763854026,0.5807503957995738
CGCNN,cgcnn_emb,matbench_log_kvrh,0,8,7.882963932293324,2.070086825322187,0.0452402091030779,42.78662492627212,38.42964452601507,28.131316546206577,-0.0192186382942932,0.1115046999061301,1.539721945701583,0.090876817703247,0.9171508201390296
CGCNN,cgcnn_emb,matbench_log_kvrh,1,8,7.892168975554052,2.0762945621806503,0.0452318732992721,42.84749858627377,37.89188987784634,26.984014154102518,0.0115335921087413,0.1084605827826584,1.521277617876827,0.0929401218891143,1.0
CGCNN,cgcnn_emb,matbench_log_kvrh,2,8,7.897247756305575,2.0688435713871933,0.0478008940089463,43.15766376757173,39.04435063201593,25.73445947877712,0.0251127553175544,0.1272269618402971,1.5846021031874322,0.0866594761610031,0.7478091930722295
CGCNN,cgcnn_emb,matbench_log_kvrh,3,8,7.955632669131802,2.076777800902752,0.0484609278898619,42.87593679585375,39.04920665161039,24.638343568105885,0.0018907008104989,0.1092619438869844,1.4667535507873657,0.0883557051420211,0.8159189661712838
CGCNN,cgcnn_emb,matbench_log_kvrh,4,8,7.921287801607825,2.0701843317174937,0.0438764148946643,42.92091543985053,38.766546527986925,27.250580976205665,0.0595848799544007,0.1075930633972214,1.4790664670971168,0.0895930007100105,0.8656008908025019
CGCNN,cgcnn_emb,matbench_perovskites,0,8,7.860741627085154,2.062720999530205,0.0495267458087642,28.38418889285652,25.83563144337696,19.28565676959221,0.0350261923914536,0.1419207332286413,1.7567194699956123,0.0697182491421699,0.7329422362846287
CGCNN,cgcnn_emb,matbench_perovskites,1,8,7.782205786139363,2.05929053203989,0.0426237964673878,28.603797598769187,25.719589053121236,16.660963931927636,0.0102120974076983,0.1220921317652661,1.61100863704537,0.0786404982209205,1.0
CGCNN,cgcnn_emb,matbench_perovskites,2,8,7.888712244927677,2.070243474697869,0.0518266854836835,28.272408283008623,25.42118689777817,19.41493758540143,0.0425053035258187,0.1374029685117184,1.6261978468491889,0.0700287371873855,0.7422356602054109
CGCNN,cgcnn_emb,matbench_perovskites,3,8,7.872536526804887,2.065749613797609,0.0511468256342127,28.40131888624581,25.4996596368716,19.442643944350813,0.0549609967170982,0.1050742371792168,1.4563583497698172,0.0761086791753768,0.9242184424053798
CGCNN,cgcnn_emb,matbench_perovskites,4,8,7.857884582075504,2.0655179572762274,0.0488431114730411,28.601258513698514,25.811960435183288,15.13811740981266,0.0271612677669411,0.1222541086379811,1.8738987528633444,0.0780360549688339,0.9819080075247465
CGCNN,cgcnn_emb,matbench_mp_gap,0,8,7.891124178537116,2.067513733299864,0.0575760168101897,43.47039486662872,39.60304255654917,21.56324613306267,0.0719526070069441,0.1461666093190331,1.6898608595907334,0.3424437344074249,0.7033875029826685
CGCNN,cgcnn_emb,matbench_mp_gap,1,8,7.862160113454474,2.06901677693402,0.0529745756907353,42.97272010275813,38.29632605923528,23.9156273714619,0.0052848404144646,0.0939655705649684,1.4638312534836582,0.3417320251464844,0.6978712120109665
CGCNN,cgcnn_emb,matbench_mp_gap,2,8,7.856245425750366,2.067007146674767,0.0541901884995115,43.36069920113055,38.70677217254533,18.991625069871823,0.0363874526025508,0.1361657719187438,1.6373621021489475,0.3622309863567352,0.8567538356597566
CGCNN,cgcnn_emb,matbench_mp_gap,3,8,7.916638489484063,2.066858311764777,0.052371058392501,42.98717115288586,38.74751153854173,21.301270309359644,0.0184385930178842,0.0893724868499,1.9284231009858308,0.3807125389575958,1.0
CGCNN,cgcnn_emb,matbench_mp_gap,4,8,7.890077230193087,2.072759545116868,0.0526863437357249,43.29446032360019,39.00814455432376,25.74821977476008,0.0830294836603984,0.1542739098265778,1.6789199962852266,0.3407089114189148,0.6899412983114342
CGCNN,cgcnn_emb,matbench_mp_e_form,0,8,7.897892003301742,2.06793446802583,0.047539660687627,42.803768544124914,38.687414636502936,26.110415236441423,-0.0033028764805414,0.0901616030227357,1.4938620145802397,0.2065497040748596,1.0
CGCNN,cgcnn_emb,matbench_mp_e_form,1,8,7.872327151395498,2.065717301917234,0.0458624823974885,43.022304043715785,38.657003371857954,24.342623975129733,0.0104879347781555,0.0947574899073767,1.6029173681672908,0.176656037569046,0.7432705999515496
CGCNN,cgcnn_emb,matbench_mp_e_form,2,8,7.883526760640018,2.0633601822619543,0.0475148907402276,43.05248929383605,38.52516761945678,21.94422100669933,0.0040330024567233,0.1152303229993873,1.5197895533784531,0.2023722380399704,0.9641235594619579
CGCNN,cgcnn_emb,matbench_mp_e_form,3,8,7.917244330390809,2.0693544030612,0.0447542783429324,42.806091944211566,38.60106069429796,25.127246812595637,0.0649241257682841,0.1372782984038255,1.689274567625049,0.2021406292915344,0.9621344834474655
CGCNN,cgcnn_emb,matbench_mp_e_form,4,8,7.894307208762164,2.062109757173001,0.0461763379754989,43.01889700401624,38.75799363708949,20.93237812095028,0.0678629950841293,0.1154471467349724,1.6194062013467327,0.1415694653987884,0.44194407577710304
CGCNN,cgcnn_emb,matbench_jdft2d,0,16,15.46912291345995,2.756527206812529,0.0232974902583681,38.773307553085104,36.374257415885296,29.647283272863792,0.0050233354803654,0.0600695768943472,1.3162039693364431,33.801387786865234,0.0
CGCNN,cgcnn_emb,matbench_jdft2d,1,16,15.581712426776567,2.760486778769577,0.0223922584973391,38.14549830536584,36.151811650078336,28.1707516260211,0.0058358367075851,0.0544621987687103,1.2269674536093258,60.42766571044922,0.6273617004180093
CGCNN,cgcnn_emb,matbench_jdft2d,2,16,15.528933233601142,2.762719067061969,0.0225591322339803,38.37637223088157,36.63383218187823,25.44444909653821,0.0252942606159508,0.0418675181524764,1.1285109726517215,75.69554138183594,0.9870995680411769
CGCNN,cgcnn_emb,matbench_jdft2d,3,16,15.483695562649794,2.7604092573782006,0.0198979707842062,37.746847585010826,35.57926382374137,26.15395399051032,0.0062764726162332,0.0355950703464092,1.2373528817155297,40.55635452270508,0.15915883661343347
CGCNN,cgcnn_emb,matbench_jdft2d,4,16,15.55683720272948,2.7626309701688507,0.0209577871910191,38.78505725895146,36.6343589217801,29.652988126118345,0.0203302140012681,0.0664646070481899,1.2644059840407746,55.61809539794922,0.5140398077302823
CGCNN,cgcnn_emb,matbench_phonons,0,16,15.33730049093622,2.7535754742432346,0.021785599019794,31.62882614456098,29.56803495419718,19.948103183236885,-0.0171354992076069,0.073107333669067,1.4840924589564335,130.562744140625,1.0
CGCNN,cgcnn_emb,matbench_phonons,1,16,15.500015190548266,2.760165057453311,0.023494707631094,32.12872179554748,30.45179747265757,21.493329635239142,0.0004483299708585,0.0567915622891854,1.4316151169586355,74.40170288085938,0.21944812819300058
CGCNN,cgcnn_emb,matbench_phonons,2,16,15.459318542684288,2.764232424158608,0.0230283137172087,31.61879910359744,29.99042844719889,23.57845791777692,0.0183737294761532,0.0570388342615629,1.4542046451838104,99.0715789794922,0.5623213644096855
CGCNN,cgcnn_emb,matbench_phonons,3,16,15.501647258639746,2.7633556281594016,0.025314035524043,32.166344687271,30.17185207195969,23.739382696065125,-0.0372113875812598,0.0560158159062692,1.1786571355834108,89.39512634277344,0.42783359408670835
CGCNN,cgcnn_emb,matbench_phonons,4,16,15.466223260751097,2.7454767078221414,0.0236138807354129,32.09118346620215,30.2488742881075,23.40213141243206,-0.0129157618013487,0.0604078135958254,1.147817330354879,97.2642822265625,0.5372027264399044
CGCNN,cgcnn_emb,matbench_dielectric,0,16,15.461506661306244,2.764160606468589,0.0227554301650601,40.511028569128776,38.31024799788685,26.348924444755955,0.0084357909529952,0.0396187322530635,1.2173147266794078,0.3809032738208771,0.1800232925408993
CGCNN,cgcnn_emb,matbench_dielectric,1,16,15.56585773523906,2.758823519556399,0.0240491608490298,39.85623381456692,37.46130166843556,28.39091884372992,-0.0037487133002504,0.045130749007131,1.1949508011149244,0.494316041469574,0.5483428624080207
CGCNN,cgcnn_emb,matbench_dielectric,2,16,15.521853928786737,2.761132674879525,0.0235587603845194,40.28253324076671,37.96049014314527,24.171739359765688,-0.0018252229946354,0.0657381850163929,1.155268340674838,0.5793142318725586,0.8243831846553782
CGCNN,cgcnn_emb,matbench_dielectric,3,16,15.64032497131875,2.7650040930487743,0.0228663669897611,40.323370532767065,38.156352218284624,26.55484620726248,0.0103956869193793,0.0764898137327891,1.1989468312163307,0.5216547250747681,0.6371280353207294
CGCNN,cgcnn_emb,matbench_dielectric,4,16,15.54292761293196,2.7603963848888857,0.0233451597016574,39.90045953713278,37.83753444796669,28.532281389434207,0.0278546217685776,0.0554151495846783,1.1574478408290008,0.5217497944831848,0.6374367829541884
CGCNN,cgcnn_emb,matbench_log_gvrh,0,16,15.553024938931598,2.7579884431967487,0.0226258233947807,42.32450236988544,39.75822336243331,32.73462239693253,0.0191303903926898,0.0348175792090413,1.3533615760199993,0.1119535788893699,0.5502981195394915
CGCNN,cgcnn_emb,matbench_log_gvrh,1,16,15.586895846886565,2.764612900301468,0.0216229912301371,42.25256762007061,39.85846314522118,32.08503497662608,-0.017384574989981,0.0574800953663495,1.0901455554495598,0.111732006072998,0.5448150947181067
CGCNN,cgcnn_emb,matbench_log_gvrh,2,16,15.53867213813151,2.761609823756563,0.0220055451729733,42.38682818575303,40.04183407307387,29.185405640628357,-0.0175757331072442,0.0500546860975966,1.1856289466242038,0.1137584596872329,0.5949615686771951
CGCNN,cgcnn_emb,matbench_log_gvrh,3,16,15.592394611579904,2.761588401022138,0.0218704909008269,42.29484092410541,39.96478901071789,33.589095192544754,0.0254403131115459,0.0428942228014488,1.357615251541448,0.1262623965740203,0.9043830827324812
CGCNN,cgcnn_emb,matbench_log_gvrh,4,16,15.602307043015191,2.765258699492253,0.022543697118239,42.45879045680143,40.236657868604006,25.70971474552884,0.0009097907481279,0.057783108300426,1.1137739810877765,0.1158003658056259,0.6454904291818839
CGCNN,cgcnn_emb,matbench_log_kvrh,0,16,15.63330045243324,2.766657503938396,0.02372478902486,42.321911780705896,39.94281726775871,30.070122820078517,-0.0168538571984488,0.0478012669126417,1.3153279883335756,0.083310067653656,0.6133182393128253
CGCNN,cgcnn_emb,matbench_log_kvrh,1,16,15.541425877541592,2.760005045180403,0.0212744423640195,42.48359926936919,40.17725397423946,27.481643765977807,0.003630168403119,0.0512863309814612,1.3889300551256332,0.0862595736980438,0.7317516523046117
CGCNN,cgcnn_emb,matbench_log_kvrh,2,16,15.59165235036166,2.753855989913627,0.0229458864137297,42.4954842130736,40.27808271942846,27.224883926538347,0.0168198761059599,0.0447443221513583,1.2081390708287276,0.0844942256808281,0.660866498095499
CGCNN,cgcnn_emb,matbench_log_kvrh,3,16,15.565473571160576,2.7587659358274674,0.023450231247256,42.47574535989825,39.93410277750421,28.52671263121169,-0.0210915080621292,0.0240432368798699,1.0904567270606758,0.0883329510688781,0.8150053072395054
CGCNN,cgcnn_emb,matbench_log_kvrh,4,16,15.640195939360604,2.7512739553259618,0.0233437241656834,42.26159934245899,40.24504380310784,31.81873011282969,-0.0269016320052093,0.0271326664700537,1.0445630127062893,0.0871691480278968,0.7682743753073943
CGCNN,cgcnn_emb,matbench_perovskites,0,16,15.55492544056588,2.761148727095557,0.0221077047689573,27.96053649763597,26.4950944687136,22.45608197012381,-0.0264528223286815,0.0591179593672074,1.1764403078941663,0.0651943013072013,0.5975329486366214
CGCNN,cgcnn_emb,matbench_perovskites,1,16,15.369346421106425,2.759749201149346,0.0209149556310682,28.114945287157894,26.675604819126303,18.755842485650515,-0.0240545854053428,0.0404888457643961,1.149661941427551,0.0640009269118309,0.5618132669184968
CGCNN,cgcnn_emb,matbench_perovskites,2,16,15.33152920831063,2.7619148407019942,0.0221458746659456,28.01819670354032,26.46334801300561,21.922067071911005,0.0118821292775665,0.049693592983199,1.2376057080552452,0.0643138587474823,0.5711798375540826
CGCNN,cgcnn_emb,matbench_perovskites,3,16,15.396679026018369,2.7591960774654094,0.0222992405475326,28.33156994372108,27.01370286973808,16.301872377978945,-0.0287327202156746,0.0508678726905646,1.6261780028587376,0.0627612099051475,0.5247064737184188
CGCNN,cgcnn_emb,matbench_perovskites,4,16,15.50418615434797,2.7596063080380517,0.0224604873062496,27.91690553122416,26.3921446616686,21.54557081302817,-0.0085679376109331,0.0480867304331059,1.1398760043455003,0.0664164498448371,0.6341138883199073
CGCNN,cgcnn_emb,matbench_mp_gap,0,16,15.514217333505908,2.760796778600548,0.0253914780511716,42.53265168520705,40.23901406367912,27.53932576523811,0.0114659453348944,0.0660929011266719,1.2093748903104222,0.3022975027561188,0.39222351038084147
CGCNN,cgcnn_emb,matbench_mp_gap,1,16,15.629255469749536,2.760571927365338,0.0255541323497037,42.44634345916913,40.30078187759017,23.472077228035317,0.0323143303038648,0.0460075472274702,1.182600550360695,0.2991625666618347,0.36792535856122305
CGCNN,cgcnn_emb,matbench_mp_gap,2,16,15.60554132047479,2.7570643615799826,0.0253107006668002,42.421299051855726,39.950693304229546,29.2409116677876,0.0042444935395327,0.0606954129701774,1.2611056774031133,0.312005341053009,0.46746668015652815
CGCNN,cgcnn_emb,matbench_mp_gap,3,16,15.61241864320879,2.7559144462575205,0.0235134034565736,42.28457410174728,39.83246469459256,28.41941723105901,-0.0079841996890364,0.0450031775731778,1.0568836353545377,0.3263181746006012,0.5784020842760644
CGCNN,cgcnn_emb,matbench_mp_gap,4,16,15.614779395381747,2.761591451373514,0.0273764910054666,42.53913233743416,40.1499076449246,26.0178810330814,0.0373696448212968,0.0398055458088162,1.070446352806033,0.3037856817245483,0.40375803530324544
CGCNN,cgcnn_emb,matbench_mp_e_form,0,16,15.613490335837955,2.7653132693948197,0.0222604980692248,42.18526050368255,39.99224047536489,32.50916827566898,0.0469857795491208,0.0435623752033852,1.0793907958761857,0.1088057234883308,0.16056621928772827
CGCNN,cgcnn_emb,matbench_mp_e_form,1,16,15.589240003404509,2.760316805208495,0.0236775330731811,42.474990975978585,40.257225911442056,29.053815023901645,-0.0129110245232308,0.0415159156112652,1.5438731628032123,0.1544148921966552,0.5522617149513169
CGCNN,cgcnn_emb,matbench_mp_e_form,2,16,15.518459086483574,2.759871348161377,0.0230817160028282,42.27534674037479,39.8067712236772,28.23794379345893,0.0024487418761333,0.0395945997079934,1.2546897380373747,0.1552591174840927,0.5595119949230767
CGCNN,cgcnn_emb,matbench_mp_e_form,3,16,15.577609235287834,2.7622857675850048,0.0235669237779036,42.203935709853305,39.554608551552285,31.423856349603764,0.0199506744375094,0.0480163871416183,1.1262230041343388,0.1876784414052963,0.8379319598560617
CGCNN,cgcnn_emb,matbench_mp_e_form,4,16,15.665836044670671,2.765166786154981,0.0229056617924323,42.16998780449836,40.00755377853677,27.190830962826062,0.0006796776386056,0.0441768360325529,1.0095955349850745,0.108472928404808,0.1577081462535869
CGCNN,cgcnn_emb,matbench_jdft2d,0,32,29.859923339958677,3.451382487268431,0.0112002320803855,38.41220600170758,37.211975112053146,31.83306578464368,-0.0307022823017452,-0.0061249326477984,1.1028298282228042,35.546417236328125,0.04111594740490798
CGCNN,cgcnn_emb,matbench_jdft2d,1,32,30.03934269730496,3.444789531363197,0.0108312117670581,37.9496091024802,36.86177757413788,30.582571702615247,0.0200997630994246,0.0076543848161994,1.109879838548712,60.74628448486328,0.6348689162848
CGCNN,cgcnn_emb,matbench_jdft2d,2,32,30.0216925770982,3.4488632042952543,0.0110187778836345,37.88197007052413,36.84310487561985,28.2463993884616,-0.0128198378435295,0.0084823031294985,1.4410770313258667,74.09516906738281,0.9493919958683528
CGCNN,cgcnn_emb,matbench_jdft2d,3,32,29.924375294490883,3.449132699437685,0.010934924850483,37.48940307976658,36.29688681982889,28.21634660377106,0.0125910387484438,0.0111282109817772,1.0266307406224155,45.19647979736328,0.2684883077027339
CGCNN,cgcnn_emb,matbench_jdft2d,4,32,30.21402417117213,3.452766105732976,0.0106399449297825,38.34326341928702,36.98432194963516,29.59618735870629,-0.0286626715356461,0.0035350462741752,1.0656517997615411,54.82109069824219,0.49526098235016913
CGCNN,cgcnn_emb,matbench_phonons,0,32,29.28577359255345,3.4489948438480416,0.0112993636668173,31.346062841270037,30.241549081950623,24.49385037528323,-0.0016473177591044,0.0129807364639957,0.9480210249787532,128.8140106201172,0.9756953006549417
CGCNN,cgcnn_emb,matbench_phonons,1,32,29.78023792852145,3.4545101859940157,0.011106213624612,31.82417872271485,30.761933517041065,25.074136664103506,-0.0186891287180837,-0.0053550671747994,0.970892119287478,83.5193099975586,0.3461688075412113
CGCNN,cgcnn_emb,matbench_phonons,2,32,29.708556465385488,3.4476853072821187,0.0107660584261169,31.404910715103465,30.62819870905199,25.82386742165091,0.0144552424671582,0.0115124319402327,1.3903027043028038,106.9537353515625,0.6718711835029189
CGCNN,cgcnn_emb,matbench_phonons,3,32,29.519436190964512,3.448889462241577,0.0109778033419534,31.91698059691205,31.032070897159315,24.52736658762991,-0.0100946663588085,0.0045362428475137,0.939823445777804,99.46365356445312,0.5677705965520113
CGCNN,cgcnn_emb,matbench_phonons,4,32,29.627947925398463,3.450299951203194,0.010841440387442,31.890130511381187,30.89803893466873,23.34598076843687,-0.0376398237588353,-0.0095526327053935,0.9554568673577816,101.67054748535156,0.5984430189679193
CGCNN,cgcnn_emb,matbench_dielectric,0,32,30.05952988253332,3.450170611204835,0.0111843553277494,39.96402089611034,38.66401230792609,30.692175767412568,0.012249983108848,0.0154590370365928,0.962509650930078,0.3890386521816253,0.2064437663610839
CGCNN,cgcnn_emb,matbench_dielectric,1,32,30.040943000880784,3.4522897144970486,0.0112036341646228,39.37374092853628,37.95264954200721,30.59179819296041,-0.0003044740598975,0.0221442992561064,0.9535945138996536,0.5022698044776917,0.5741735217835974
CGCNN,cgcnn_emb,matbench_dielectric,2,32,30.08668024408979,3.456826296648207,0.0112905158630282,40.027571788524725,38.85309034496147,32.07014549509214,-0.0165925358417218,0.0178882098276606,1.0301153258732818,0.5623272657394409,0.7692162736522222
CGCNN,cgcnn_emb,matbench_dielectric,3,32,30.081712577555137,3.4539018680651066,0.0105879577439665,39.92867673141459,38.59942712885496,28.274767892754287,0.0030358532493394,0.001057411288379,1.2416356989116724,0.5090243220329285,0.5961095088173582
CGCNN,cgcnn_emb,matbench_dielectric,4,32,30.186058246742355,3.452490875813594,0.0105483902401968,39.362626974829546,38.199033052471655,32.94055710425133,-0.005601447565101,0.0152708627730312,0.9644616247360068,0.5738855600357056,0.8067530172822214
CGCNN,cgcnn_emb,matbench_log_gvrh,0,32,30.252223771711197,3.4567130703317503,0.0115438193722033,42.01895314863207,40.67126431612289,31.814265526572942,-0.0101656386089932,0.0092363126228021,1.1722852042102727,0.1121407896280288,0.5549308228814651
CGCNN,cgcnn_emb,matbench_log_gvrh,1,32,30.179233341638295,3.4578342277761958,0.0106984973189408,42.01341725341438,40.88213270367837,31.69484810562616,0.0381151517636286,0.0110471467984654,0.8121743667111176,0.1134194433689117,0.5865722954863459
CGCNN,cgcnn_emb,matbench_log_gvrh,2,32,30.32313033190624,3.453754553758708,0.0107840905298273,41.86177734626976,40.62663140807173,32.76957189204727,-0.0131875112197412,0.0303216544277053,0.8711646381370483,0.1180738732218742,0.70175047858239
CGCNN,cgcnn_emb,matbench_log_gvrh,3,32,30.130026972560906,3.45583985986766,0.0108667136708894,42.06456623570611,40.76925865701503,26.076512744236428,-0.0169878262704599,0.0113967492607066,0.995095261414406,0.1097217425704002,0.4950692600857224
CGCNN,cgcnn_emb,matbench_log_gvrh,4,32,30.24497722638089,3.454220847982462,0.0107771005455673,41.94385848655909,40.75532750889695,34.89024201035181,-0.026782162335579,0.019512015995639,0.9921912529358436,0.1154986247420311,0.6380235667372396
CGCNN,cgcnn_emb,matbench_log_kvrh,0,32,30.46657248850056,3.451719565550213,0.0106393426452411,41.8634269269142,40.71812717090328,36.41695477061388,-0.0077809148871303,0.0336140626075327,0.9343004541619846,0.0815345719456672,0.5420256183502433
CGCNN,cgcnn_emb,matbench_log_kvrh,1,32,30.37412016333409,3.4537333517183586,0.0106809863354064,41.87706738462416,40.68449767856939,34.58263997739487,0.0010781816466529,0.0099338454219261,1.012262930732192,0.0838582813739776,0.635331017374478
CGCNN,cgcnn_emb,matbench_log_kvrh,2,32,30.164123268752697,3.449737875688031,0.0108543070924042,41.86784888304967,40.48931493735218,35.22198378563489,0.0167232343723585,0.009394768840188,0.9051731668768556,0.0820081457495689,0.561041331847865
CGCNN,cgcnn_emb,matbench_log_kvrh,3,32,30.13902445809671,3.455217852816937,0.0105563935675478,41.94235747315491,40.51661706631865,34.49805636300111,0.0180728410087288,0.0140589519284848,0.9713921719777208,0.0887938886880874,0.8335136318869959
CGCNN,cgcnn_emb,matbench_log_kvrh,4,32,30.345029726423714,3.4569004020291034,0.0104894594189349,42.03245724981638,40.69133908693078,31.50251592355873,0.0248697969235738,0.0156547184021271,0.8534267247546019,0.0874972566962242,0.7814491336694406
CGCNN,cgcnn_emb,matbench_perovskites,0,32,29.318671747730885,3.4462632974611687,0.0110799898077738,27.807682020368865,26.96106050537351,21.958267864545093,0.0565690971243736,-0.0004674751111581,1.208807726162664,0.063635379076004,0.5508718118318611
CGCNN,cgcnn_emb,matbench_perovskites,1,32,29.087197188178028,3.443572618001934,0.0105455176235637,27.902321165326413,27.15833657225715,20.498718001492577,-0.0005993819487774,0.0123548577780038,1.1487841945664443,0.0622174404561519,0.508430549145616
CGCNN,cgcnn_emb,matbench_perovskites,2,32,29.36639185564924,3.44515706196801,0.0105610485128105,27.73379478207893,26.955092997261698,23.73680050919856,-0.0160179313361032,0.018309476143412,0.9534914744769916,0.0603139661252498,0.45145639457835635
CGCNN,cgcnn_emb,matbench_perovskites,3,32,29.22430677753451,3.45104309267711,0.0108395496307263,27.7578777972377,27.04969517856217,21.713628589109117,-0.0153135029789001,0.0081512418383494,1.119569179892635,0.0604740343987941,0.4562475043980013
CGCNN,cgcnn_emb,matbench_perovskites,4,32,29.57033168604904,3.45735887019977,0.0113268804623586,27.814580158108026,26.98421631297021,22.759861297584905,-0.0444061116223938,0.0278974130239826,1.0503808992988517,0.0585333481431007,0.3981595349920618
CGCNN,cgcnn_emb,matbench_mp_gap,0,32,30.341341699730695,3.4541605983658705,0.0124941816665829,41.9134839776568,40.72902609539344,34.68270809890944,0.0188585282746871,0.0166137243226194,1.120629740270389,0.2840562760829925,0.2508400557426962
CGCNN,cgcnn_emb,matbench_mp_gap,1,32,30.524923382919827,3.458927682449219,0.0122400468804862,42.08611092761584,40.90956890116074,30.577110861567853,-0.0228779543210351,0.0197864610047477,0.932911175285603,0.285664290189743,0.26330339461749847
CGCNN,cgcnn_emb,matbench_mp_gap,2,32,30.483496935995728,3.456721299874477,0.0123371146695953,41.9578387309608,40.730567901130506,35.25695922924368,0.0279361809106851,0.013365768662565,0.9055223253838052,0.2744719982147217,0.17655457376771613
CGCNN,cgcnn_emb,matbench_mp_gap,3,32,30.39063965790882,3.4526904746307068,0.0120166875206208,42.02793106625143,40.73871843387436,31.03959160987797,-0.0004376258174225,0.01926654159538,1.0312147101450508,0.2705320417881012,0.1460168988239566
CGCNN,cgcnn_emb,matbench_mp_gap,4,32,30.52191206090816,3.4543273107030807,0.0113749386835923,41.95543338360834,40.83451361789679,33.71184765293033,-0.0080163533608561,0.0027703067496739,0.898148232393278,0.2996885180473327,0.37200188396085404
CGCNN,cgcnn_emb,matbench_mp_e_form,0,32,30.168890672916717,3.458094778653134,0.0109281257332171,41.97032355803866,40.71982422762158,33.550813737077185,-0.0172947823197075,0.0263090279971168,1.017077811196533,0.1084669008851051,0.1576563813917288
CGCNN,cgcnn_emb,matbench_mp_e_form,1,32,30.129425342130272,3.455431164565616,0.0110920059063076,42.00728702944801,40.79089917114994,30.000527429276094,0.0143311460891268,0.0334259874122518,1.0000420240282435,0.164422795176506,0.638210453533134
CGCNN,cgcnn_emb,matbench_mp_e_form,2,32,30.383905702003148,3.452779120234569,0.0113559086148654,41.91086008761132,40.60033302713021,32.316331632908785,-0.0127619122032529,0.0228007720983316,1.429850979619745,0.1124444231390953,0.1918156874021734
CGCNN,cgcnn_emb,matbench_mp_e_form,3,32,30.23426836937989,3.457608659522,0.0111386187041636,41.88994965304927,40.696619923922654,34.14484023083863,-0.0087742791190011,0.0227903388466591,1.1504156699968335,0.1342375129461288,0.37897663235596907
CGCNN,cgcnn_emb,matbench_mp_e_form,4,32,30.280262257998,3.453015210542779,0.0110687614267721,41.89729480145289,40.600985706743934,31.392498460649215,0.0068264741653262,0.0155541015527127,1.1310373610184643,0.1477042734622955,0.49463033937913653
CGCNN,cgcnn_emb,matbench_jdft2d,0,64,54.83692961065815,4.144938150678881,0.0054308142669834,38.21053285519331,37.57878285674819,32.70463225310846,0.0071643342056989,-0.0186872807868075,1.2669972008682888,39.9987907409668,0.1460216582512638
CGCNN,cgcnn_emb,matbench_jdft2d,1,64,54.36128362802503,4.141632084897981,0.0054317277374422,37.74626647371909,37.30889192228189,30.769787782150026,0.002575570875967,0.0055021763869723,1.0194462214963234,59.28761672973633,0.6005001514943291
CGCNN,cgcnn_emb,matbench_jdft2d,2,64,54.13549490831839,4.149142856916946,0.005449352601369,37.703841904975775,37.08584128178982,32.139171497165606,-0.0326389944756981,-0.0001004583449243,0.9403201873937088,73.4526596069336,0.9342533486718159
CGCNN,cgcnn_emb,matbench_jdft2d,3,64,54.22182068210476,4.148783037620825,0.005513586999544,37.17721154695737,36.57759722769942,32.815985520300345,-0.0210633728884424,-0.0005250067611277,1.1190580762202629,45.78426742553711,0.28233761277474245
CGCNN,cgcnn_emb,matbench_jdft2d,4,64,54.60607172410726,4.14105851679698,0.0053867347061285,38.17847023315015,37.607673725403735,33.64798847189874,-0.0019441605866683,0.0008988628356425,1.1694764729503866,60.12865829467773,0.6203165624781756
CGCNN,cgcnn_emb,matbench_phonons,0,64,50.827757161836615,4.1430873759099525,0.0055204991856716,31.14911766625228,30.74221793588258,27.941937722376984,-0.0248554993118284,0.0073751185391164,0.9932484572615244,119.00798034667967,0.8394066009934694
CGCNN,cgcnn_emb,matbench_phonons,1,64,51.3937598148358,4.147083685403363,0.0053889181423909,31.70715988165705,31.32326916006094,26.9996064714632,-0.0042225666791383,0.0081449978309735,1.170898788808728,81.0521469116211,0.31187904507269965
CGCNN,cgcnn_emb,matbench_phonons,2,64,50.86032291419674,4.140810177691064,0.0055272727853767,31.145772291174143,30.78796908822872,27.048282087262592,-0.0182308826226657,-0.0031131276923468,0.7843274831786368,103.31771850585938,0.6213361561748447
CGCNN,cgcnn_emb,matbench_phonons,3,64,51.10847789377234,4.14068150461698,0.0055274431318847,31.664210732731664,31.284609635137787,27.761139984633346,-0.0376357973106434,-0.0089778440553771,1.05051119848369,80.66278839111328,0.30646756203803405
CGCNN,cgcnn_emb,matbench_phonons,4,64,51.08568681258529,4.141212400407845,0.0053870763293335,31.672023078621013,31.22751887602873,26.90649860206579,-0.0226723123534916,0.0074427819098248,0.8711265171341512,104.77315521240234,0.6415644820766759
CGCNN,cgcnn_emb,matbench_dielectric,0,64,55.168440556192856,4.149157831849141,0.0055228893170058,39.6993349727867,39.09405834697111,34.89249720839466,-0.0039399586986725,0.002460653722288,0.736545284689748,0.3254705965518951,0.0
CGCNN,cgcnn_emb,matbench_dielectric,1,64,55.40982581512189,4.146923171088512,0.0053192217499562,39.16231983931946,38.5925886834582,34.28270935128875,0.0120276088293583,0.0049156010736191,0.8893836610155081,0.4483510851860046,0.39906696271596476
CGCNN,cgcnn_emb,matbench_dielectric,2,64,55.11984096787922,4.150409809121353,0.0055707849511066,39.722201995711984,39.21520496780384,34.536870853141046,-0.0175587388911439,-0.0005621227718084,0.7521718600771271,0.5703772306442261,0.7953593585327539
CGCNN,cgcnn_emb,matbench_dielectric,3,64,55.24736748544728,4.148635033916006,0.0054735584853549,39.77608265401645,39.18620987270876,32.126589085535215,-0.0016523203735898,-0.0084811805471089,0.8415243801958588,0.4650889039039612,0.4534247419900557
CGCNN,cgcnn_emb,matbench_dielectric,4,64,55.14289879157291,4.145457723753243,0.0053633683006216,39.19563763189533,38.66995076167999,34.03546084795559,0.0282076860651977,-0.0020036616334644,1.1935178293641433,0.5120862722396851,0.606053505480948
CGCNN,cgcnn_emb,matbench_log_gvrh,0,64,55.80978299499344,4.148741034743654,0.0055165571234486,41.70276553275072,41.08791890329632,35.810002050232214,-0.0181000515155312,0.0040025228319846,0.7309416421360705,0.1097190305590629,0.49500214885013966
CGCNN,cgcnn_emb,matbench_log_gvrh,1,64,55.80350957331276,4.145582610313335,0.0053572056051619,41.70239467974714,41.10691643978792,35.89307046914802,0.0251732372861449,0.0062254567810099,0.9562760625829984,0.1145860999822616,0.6154422953075053
CGCNN,cgcnn_emb,matbench_log_gvrh,2,64,55.624602613754085,4.147669498651746,0.0051864532855181,41.74388629155235,41.09297045092351,33.854653633019375,-0.0183663422577346,-0.0035137902287279,0.8453306868395917,0.1095109432935714,0.4898528364914025
CGCNN,cgcnn_emb,matbench_log_gvrh,3,64,55.71030995698355,4.147911930643239,0.0053560282558309,41.73023896131153,41.000915194204026,34.84827495584752,0.0475458477817895,0.0080422506014189,0.898158458371483,0.1089983358979225,0.47716789110870295
CGCNN,cgcnn_emb,matbench_log_gvrh,4,64,56.01071245761992,4.147711777963972,0.0055012623334653,41.71695031824496,41.16241462413745,35.603289723748034,-0.0070221979479577,0.0042254078349612,0.8378588516937784,0.1158714815974235,0.6472502554006571
CGCNN,cgcnn_emb,matbench_log_kvrh,0,64,55.77404074002554,4.149160359918035,0.0055993862949873,41.74911209899609,41.09812299984173,34.393498184801935,0.0197416271256883,-0.0030201380987768,1.1298387532810985,0.0803012996912002,0.49250524441423454
CGCNN,cgcnn_emb,matbench_log_kvrh,1,64,55.767837125401854,4.145620093634076,0.0054749345100603,41.75461563472973,41.11363125869839,34.7012551722149,-0.0051998355154071,-0.0001938471169207,0.836922743698461,0.085229568183422,0.6903931784919771
CGCNN,cgcnn_emb,matbench_log_kvrh,2,64,55.61342301012011,4.146893414018682,0.0052421118653216,41.71237461926084,41.1052246170572,35.41010152747559,0.039391324594924,0.0002415865160614,0.7928722570146561,0.0819451212882995,0.55851067012425
CGCNN,cgcnn_emb,matbench_log_kvrh,3,64,55.85770427285537,4.149755662791167,0.0055247564557085,41.78506434739649,41.0433793559996,34.170358281753835,0.0061812385802589,0.0086906071094459,1.002427051730288,0.0882604569196701,0.8120944030462505
CGCNN,cgcnn_emb,matbench_log_kvrh,4,64,55.74916052723512,4.144092688945671,0.0053639710718315,41.74234461225285,41.07554259917351,35.05851331831037,-0.0060812754242511,0.0085120981952995,0.7511550480661977,0.0848990306258201,0.6771208913769026
CGCNN,cgcnn_emb,matbench_perovskites,0,64,47.08964479074859,4.142537845152065,0.0053280377065881,27.698001243418688,27.274081248783386,23.14212485739005,0.0660885741848183,-0.0076113638859154,1.008815573206029,0.0588425621390342,0.4074148244975033
CGCNN,cgcnn_emb,matbench_perovskites,1,64,47.17793539507979,4.142152606025593,0.005651404464085,27.67876446708304,27.423550762503645,21.20950397843372,0.00340810055668,-0.0010979502233947,1.169230281632885,0.0568091832101345,0.3465524091193896
CGCNN,cgcnn_emb,matbench_perovskites,2,64,47.13775369420228,4.138233508993842,0.0054042710424721,27.68987676583204,27.26501549804621,23.14073212836409,-0.0421358348734993,-0.0233334427745005,1.3038025198187102,0.058015838265419,0.3826696030909853
CGCNN,cgcnn_emb,matbench_perovskites,3,64,46.84802924286871,4.139731195313415,0.0055791749800813,27.646113275336827,27.300612095616845,23.92437754248035,-0.014944378262632,0.0161927083702275,0.8674711562606033,0.0559333488345146,0.32033722865607384
CGCNN,cgcnn_emb,matbench_perovskites,4,64,47.75674257945922,4.139387612321431,0.0051594544507204,27.61930122730478,27.309529607918225,24.343630574303013,-0.0398506670320072,-0.0060367084185101,0.8031508267376828,0.0576393604278564,0.3714009948622239
CGCNN,cgcnn_emb,matbench_mp_gap,0,64,56.44670991663904,4.146167537799184,0.0056787790248626,41.76028328865619,41.104108792798726,35.080941902630364,-0.0064616288339697,0.0055851765676399,0.7154444501980005,0.277986079454422,0.2037913903728122
CGCNN,cgcnn_emb,matbench_mp_gap,1,64,56.61756628405974,4.149036865315722,0.0057070861844482,41.76834572952926,41.197078542232056,35.413942540930094,0.0216858620115803,-0.0450965618670063,2.9356506964414777,0.2773669958114624,0.1989930187654605
CGCNN,cgcnn_emb,matbench_mp_gap,2,64,56.465967557237775,4.148527438369168,0.0056288836286149,41.81267958963651,41.326510767891854,32.449669877662004,0.0369231153956762,-0.0122243868104699,0.9978469228008008,0.2711704075336456,0.1509647214701543
CGCNN,cgcnn_emb,matbench_mp_gap,3,64,56.28797748153767,4.14678584339881,0.0056035062318575,41.71762747783049,41.10779345471259,36.20058607408608,0.0141622242708458,0.00512444364532,0.7908754525497896,0.2797234356403351,0.21725722926089647
CGCNN,cgcnn_emb,matbench_mp_gap,4,64,56.7087308965827,4.14641393043298,0.0058232061082422,41.756036292027616,41.18821553021006,35.61700900591441,0.0879239072684627,0.0024085899751617,1.023806891291988,0.2651744186878204,0.10449122315858145
CGCNN,cgcnn_emb,matbench_mp_e_form,0,64,56.02800720734597,4.145359133819672,0.0054529939908395,41.71686791570708,41.02770581290469,35.653055286148735,-0.0126891166422645,0.0040360966232373,0.7137880702495817,0.0991080775856971,0.0772819953876162
CGCNN,cgcnn_emb,matbench_mp_e_form,1,64,55.93289953597837,4.147427020265152,0.0055749443338278,41.72888690586032,41.07894168190528,35.748656465232635,0.0039455936668809,0.004868233382004,0.8657801082013332,0.0939172208309173,0.032702467475478114
CGCNN,cgcnn_emb,matbench_mp_e_form,2,64,56.07402488613033,4.148118156277641,0.0055455991337171,41.771910810176834,41.20061693165705,34.83846438430933,-0.0076344042891714,-0.0047259454068161,0.7176293919854865,0.1137887090444564,0.2033605313211963
CGCNN,cgcnn_emb,matbench_mp_e_form,3,64,55.991120854359856,4.146918984870142,0.0051379252407341,41.74334684015205,41.1681537233228,32.75131817863462,-0.015928452524725,0.0070228084424396,0.9972837611324034,0.1217539831995964,0.27176699643891056
CGCNN,cgcnn_emb,matbench_mp_e_form,4,64,55.97962014138727,4.146227416871101,0.005370556248915,41.72351835067813,41.09580327444269,34.08874194386477,0.0160022913786876,-0.0049631275091331,0.7875958905295362,0.144942045211792,0.47090808364945763
CGCNN,cgcnn_hm,matbench_jdft2d,0,8,6.887690682310184,1.8956734610695185,0.5128078618988873,41.233502402110034,33.01104148243808,5.598505555580737,0.2203397062681971,0.2378612063675604,2.8058081329350038,34.62640380859375,0.019438821143125604
CGCNN,cgcnn_hm,matbench_jdft2d,1,8,7.092441621570684,2.010180812245954,1.0102100746989506,39.82162124391278,33.950083845440325,19.55798810167882,0.3207228829251183,0.2462291169888366,2.4419790780354567,49.55003356933594,0.37106565272574293
CGCNN,cgcnn_hm,matbench_jdft2d,2,8,6.743733707774557,1.994588777998121,0.4078818151832727,41.14575561612647,36.19920038205431,6.722873343756963,0.2856147805039441,0.2444653280477957,2.65919592683503,70.81800079345703,0.8721761767145622
CGCNN,cgcnn_hm,matbench_jdft2d,3,8,7.250344140636741,2.023503325520592,0.6960195882222256,38.8933489580295,32.635584574591675,17.565531358148856,0.245453482072498,0.2150939906868314,2.315849572309733,45.95347213745117,0.2863243718737723
CGCNN,cgcnn_hm,matbench_jdft2d,4,8,7.332720421712857,2.048482924875468,0.8105776998830212,39.41270495576556,31.524244753986395,24.52321423259922,0.2603278577819796,0.1666912504701582,2.2641101521335925,51.92833709716797,0.4271026455646586
CGCNN,cgcnn_hm,matbench_phonons,0,8,7.428016931555749,2.029088023562593,1.2544711338187624,32.797961682251376,28.252501386134263,14.538625485503369,0.1553581595089951,0.1363841362289997,1.9119789671218053,69.1773681640625,0.14683793168185583
CGCNN,cgcnn_hm,matbench_phonons,1,8,7.148347377114439,2.0235629780758924,0.3592514350069243,35.12591905230507,29.56094198091076,9.762867035613146,0.3144670162605208,0.1894910982784149,2.867405494659649,86.75726318359375,0.3911713638238319
CGCNN,cgcnn_hm,matbench_phonons,2,8,7.168748067465172,2.038929018329953,0.7841418509038011,33.729575440830885,27.574029398407014,7.733455328327881,0.1405713682209431,0.1739244902838006,2.887348023698106,92.11444091796876,0.4656278734321199
CGCNN,cgcnn_hm,matbench_phonons,3,8,6.580926885578128,1.995359652081525,0.8023741181450298,35.16239846291936,30.97322809757669,4.474649876924116,0.1945706992092646,0.1841588299146195,2.5256511523504246,76.37205505371094,0.24683298506423684
CGCNN,cgcnn_hm,matbench_phonons,4,8,7.081429027964907,1.897680542259172,0.7432797672142718,35.179285278143915,29.990002206040263,6.453292868083129,0.0771895012176422,0.154638703472834,2.524733795810873,66.24711608886719,0.10611194635724558
CGCNN,cgcnn_hm,matbench_dielectric,0,8,7.035343007122389,1.999393997025393,1.399296697980379,41.89772361275324,31.875306416423637,15.898216259038293,0.3796745011253283,0.2159397252303501,2.339259139487324,0.3953286409378052,0.2268711485789432
CGCNN,cgcnn_hm,matbench_dielectric,1,8,6.681580677583249,2.0251902620586426,0.0914031704084334,41.04172996314966,32.60449292124256,12.996222668772948,0.4147466246955122,0.260903707349971,2.937013187989994,0.506920576095581,0.5892773785835415
CGCNN,cgcnn_hm,matbench_dielectric,2,8,6.988726066698171,2.004238237120568,0.8177448687961295,42.13188953318532,33.56077864869514,18.28008887679779,0.5156192302816862,0.2148812851052627,2.431424672256964,0.5470923185348511,0.7197392234251766
CGCNN,cgcnn_hm,matbench_dielectric,3,8,6.754587955636923,1.9768658307847549,0.0234011241958574,43.40682467734118,36.22886571143778,4.691922946625303,0.4267785282700823,0.2375223635055928,3.308238124548627,0.4698018133640289,0.46873039779180586
CGCNN,cgcnn_hm,matbench_dielectric,4,8,6.445538507064281,2.013295030492639,0.1021101785060051,41.30818279479947,34.68400206682201,17.94137250365559,0.1898177822543723,0.2208229817803947,2.2735609114198887,0.5180582404136658,0.6254480833111452
CGCNN,cgcnn_hm,matbench_log_gvrh,0,8,6.781201548802198,1.9889571871101204,0.3962540294296842,43.98950779186767,34.776216846919205,17.144586681724768,0.3357569331364158,0.2153314274231013,2.6564026628237905,0.1070615798234939,0.42924106595504213
CGCNN,cgcnn_hm,matbench_log_gvrh,1,8,6.978030789801811,1.9933966654642672,0.4839323151642422,44.44466939723537,37.36615614236124,8.649785108530587,0.3351223615172027,0.1802532371272739,2.881220461837812,0.1006390377879142,0.2703093072037091
CGCNN,cgcnn_hm,matbench_log_gvrh,2,8,6.953844399242758,2.041777697576038,0.3599398611097852,44.1123045111806,36.581169669322826,18.594852701152263,0.3287099725526075,0.2702934076699474,2.5080386891072086,0.0968897566199302,0.17752986772633608
CGCNN,cgcnn_hm,matbench_log_gvrh,3,8,6.519086063433833,2.0359796797495457,0.4238809737053312,43.10365428952522,31.591550571572185,21.13760532811545,0.3313773179425806,0.2198692223162087,2.383535811144657,0.1059889495372772,0.4026978347961074
CGCNN,cgcnn_hm,matbench_log_gvrh,4,8,7.5167935981295,1.9967336317897195,0.3358972296649705,42.62667768095032,33.49935028641448,19.59308622925283,0.3055425780420471,0.2412984638051812,2.2813367121982737,0.1037453711032867,0.3471784058168487
CGCNN,cgcnn_hm,matbench_log_kvrh,0,8,7.449468690655157,2.044585837786689,0.4240890580844175,44.99149219659493,38.598100188257504,17.330997171600995,0.4113928108849818,0.2325691645961825,2.326263688194936,0.0724391490221023,0.17681125254442182
CGCNN,cgcnn_hm,matbench_log_kvrh,1,8,6.877248279535952,1.845498474918453,0.3601315125948521,46.40683380151751,38.32742760161268,12.183178494445867,0.4954435642451823,0.2769137124909522,3.583436416747905,0.075664184987545,0.30630819564626904
CGCNN,cgcnn_hm,matbench_log_kvrh,2,8,6.968201463301335,2.011854068897537,0.3524323722203593,44.08537840740356,36.9359497748781,18.711417674734932,0.4234924295460473,0.2333505625814482,2.5954333436750967,0.0690421089529991,0.04040771805454627
CGCNN,cgcnn_hm,matbench_log_kvrh,3,8,7.173350642425137,2.022114476793657,0.2984616837288343,44.1409123291963,37.06279861092475,18.962339531441703,0.3468631407937656,0.2627101755685055,2.546894132124254,0.0740638002753257,0.24204691910857326
CGCNN,cgcnn_hm,matbench_log_kvrh,4,8,6.5436357931536575,1.966376308000045,0.3431063566893889,44.72479753512835,37.26255988760532,16.603507803423636,0.4422877541110542,0.2407949539566041,2.3928367127364187,0.0736714676022529,0.22629333298230814
CGCNN,cgcnn_hm,matbench_perovskites,0,8,5.909105593167952,1.8460238794687105,0.272421992117027,32.16518532491737,28.377617996031624,4.243175954372958,0.2840075193516012,0.1988856871792611,3.839052810664128,0.0619578845798969,0.5006616098053179
CGCNN,cgcnn_hm,matbench_perovskites,1,8,6.355495275975094,1.8190791442145784,0.2305714499708366,30.540359704697902,24.814165879469563,8.615154031316926,0.2679547177703992,0.2047973050852738,3.203692212260242,0.0616848058998584,0.49248791044255147
CGCNN,cgcnn_hm,matbench_perovskites,2,8,6.0204541106974405,1.9998546964792872,0.3016776344908875,30.263152300845224,24.32983472732483,6.875842521462383,0.273703100203033,0.2245869772505716,4.534474287140792,0.0613073632121086,0.4811904226419424
CGCNN,cgcnn_hm,matbench_perovskites,3,8,5.444566687615847,1.785930735736286,0.2630844501090296,31.643423455318697,26.406621429354704,6.2474261582954576,0.3280947474998668,0.288252433159457,4.370774605127105,0.0585941709578037,0.3999800630600512
CGCNN,cgcnn_hm,matbench_perovskites,4,8,6.465399941693883,1.86534170746714,0.2302785963761846,31.256464854734848,24.742418482790946,5.846651869998047,0.2863467629329428,0.251545254660268,3.0634204530320406,0.0592218823730945,0.4187685103838786
CGCNN,cgcnn_hm,matbench_mp_gap,0,8,6.75830346953601,2.029275705374973,0.0906848650461395,43.95345709191348,35.15655538939116,18.009323474480553,0.218233705737065,0.2267993890302252,2.895211695336979,0.3540787398815155,0.7935676919654706
CGCNN,cgcnn_hm,matbench_mp_gap,1,8,7.063845119461085,2.044200000211208,0.0740844535351102,43.746586215511314,37.255721014325694,23.532213252428573,0.3700735832338098,0.1601488694624084,2.0052782267591955,0.3522793054580688,0.7796206992691678
CGCNN,cgcnn_hm,matbench_mp_gap,2,8,6.485797641191683,2.060684269243068,0.0644147158091106,44.50846019298869,37.318832180571896,15.715683233934866,0.2628676714253523,0.2593041919555842,2.5479215753267326,0.3446912765502929,0.7208076731443409
CGCNN,cgcnn_hm,matbench_mp_gap,3,8,6.477774572912809,2.0552342726158197,0.071865655607619,43.71566637908107,34.9198309497753,23.218897199184557,0.3221570983047556,0.1874165720338523,2.4228223380426317,0.3397110104560852,0.682206802817256
CGCNN,cgcnn_hm,matbench_mp_gap,4,8,6.870177879685035,2.009772315851221,0.0866726793529455,44.0663594546509,37.688055862133645,18.96593124880794,0.3093697842427786,0.1782710143256304,2.4249357992638734,0.3315293788909912,0.6187929022075096
CGCNN,cgcnn_hm,matbench_mp_e_form,0,8,6.369696296293435,1.9158355517505825,0.2686735139126642,45.58417441869443,34.50138955599235,7.123707632972713,0.4334897734515325,0.3334187571437458,3.285598796464462,0.1269436776638031,0.3163365424988239
CGCNN,cgcnn_hm,matbench_mp_e_form,1,8,6.063359705195399,1.8992799521860413,0.090140087623136,46.03425853349151,34.50023269740775,5.99445726262493,0.3559128482630643,0.300093954038607,2.885016782405152,0.107860043644905,0.1524446387919599
CGCNN,cgcnn_hm,matbench_mp_e_form,2,8,6.130046921030089,2.0296784491322515,0.3204107304354343,44.01676844463262,32.77339146380638,13.828285095193806,0.3469448200373446,0.3316001242498078,3.498316127154504,0.1510017067193985,0.5229489821134169
CGCNN,cgcnn_hm,matbench_mp_e_form,3,8,6.448278489572365,2.056492536519378,0.377495215684183,44.20497755675704,32.1325699943097,15.16090187812022,0.3446906016114369,0.3203262561689199,3.180156035408761,0.1471763551235199,0.4900965309096375
CGCNN,cgcnn_hm,matbench_mp_e_form,4,8,7.008147413191318,2.0262087895095906,0.347617471995332,44.00645037518186,32.60521182151177,17.08017622149063,0.3766949431183007,0.3445574726203832,2.679124635696984,0.1378932893276214,0.41037275691464004
CGCNN,cgcnn_hm,matbench_jdft2d,0,16,13.074361242896073,2.726476553506679,0.6438120791439657,39.21847134825384,34.43309493788483,26.51673766022049,0.1630975095400683,0.1435343724926007,1.7251767236911044,40.54061126708984,0.15878789796247975
CGCNN,cgcnn_hm,matbench_jdft2d,1,16,13.550383024163065,2.6912143879457124,0.5183262645602446,38.64008907926199,32.64714063571011,25.78684285311235,0.2164878720273413,0.1504452213882603,1.9126354654939937,51.97197341918945,0.4281307936693976
CGCNN,cgcnn_hm,matbench_jdft2d,2,16,13.839740387494675,2.745571927292809,0.638143931632832,38.71537968943437,34.25129660531017,20.74009556818857,0.3023029311788066,0.1867539803349515,1.9772168440544744,72.80427551269531,0.9189762848233601
CGCNN,cgcnn_hm,matbench_jdft2d,3,16,13.169546825749322,2.7240472375555527,0.801449438934577,38.03125957323026,33.11711045657652,21.754325257197653,0.2229343553500191,0.1052937032209977,1.6889417971148677,43.3223876953125,0.22433141835992626
CGCNN,cgcnn_hm,matbench_jdft2d,4,16,13.437653618215888,2.724068263445286,0.6360869635603547,38.90585889947857,32.512582234315886,26.07825618225956,0.3144609511448596,0.1580269329803167,1.906168919031728,54.86333465576172,0.49625632391078456
CGCNN,cgcnn_hm,matbench_phonons,0,16,13.918535917099383,2.711797598311557,0.6227134602127263,32.87170975758632,29.58326876199655,12.682903597487227,0.4935094465808393,0.1499023316844249,1.9609442430426625,69.75373077392578,0.1548484831936678
CGCNN,cgcnn_hm,matbench_phonons,1,16,13.857223396978997,2.721131979890224,0.5608960684117675,33.87095524511352,30.379149748295497,9.218736335068222,0.1222841734196592,0.0919475359316248,1.6410636006432855,58.97786712646485,0.005080595140131202
CGCNN,cgcnn_hm,matbench_phonons,2,16,13.796797074404896,2.7132356150853814,0.605348460216129,32.39454389349888,28.420435270569666,12.139985141023578,0.2910575451536707,0.1418020113155098,1.6692549477537366,75.14537048339844,0.22978396111460178
CGCNN,cgcnn_hm,matbench_phonons,3,16,13.325078976903605,2.68495679944784,0.6582660733557305,33.19549623798785,29.26795842409323,13.396897400594328,0.2508412442207205,0.1317788553019149,1.8847418102359168,58.6123161315918,0.0
CGCNN,cgcnn_hm,matbench_phonons,4,16,13.627285830963023,2.7070318958202098,0.5320071330711177,33.545231543186055,29.49314625982801,13.016968485160984,0.3048298006536572,0.1426252184538904,1.8698961976319584,70.89582824707031,0.1707218769280476
CGCNN,cgcnn_hm,matbench_dielectric,0,16,11.762364110768113,2.6959771163121284,0.1452601510669773,42.41598477630404,35.79003058912074,10.444416371666009,0.5035283865792364,0.2232075470672399,2.912911531747181,0.3584359884262085,0.10705848386716202
CGCNN,cgcnn_hm,matbench_dielectric,1,16,12.313513063330788,2.69209295852024,0.1311728019230252,40.834924789531634,32.74754886248866,20.505086571905853,0.2441425378569096,0.1887521681573306,1.9549177167768328,0.4826428294181824,0.5104329116072948
CGCNN,cgcnn_hm,matbench_dielectric,2,16,11.955282311951809,2.6786611781948926,0.1207361212273773,41.25725149453908,34.36686492789538,25.02856354203587,0.3632158334550657,0.1655582162303662,1.912002398503844,0.5978925824165344,0.8847182793987997
CGCNN,cgcnn_hm,matbench_dielectric,3,16,10.661093643477091,2.7266919898704787,0.0928435467364703,42.04441893216546,33.66994618001064,11.10400468977338,0.3630182180784173,0.2474563070149064,3.1336414066989806,0.4534205496311188,0.4155305673223248
CGCNN,cgcnn_hm,matbench_dielectric,4,16,12.371186495790182,2.6212293786434984,0.079015532041211,40.76305672288197,33.61032719780144,14.64649990368294,0.2994050298188365,0.2012630228198555,1.934276778786114,0.5424823760986328,0.7047679635712636
CGCNN,cgcnn_hm,matbench_log_gvrh,0,16,14.023365169360032,2.6931414863744227,0.3344354800668337,42.590339140462085,35.095457630902075,26.740302103493693,0.3771149131006082,0.2128272781421438,1.7309248646903663,0.0921673476696014,0.060669478824101515
CGCNN,cgcnn_hm,matbench_log_gvrh,1,16,13.013215313274827,2.7508328341087056,0.330729579348877,42.51049966172859,33.73514631289999,25.78650132688345,0.4446641545100673,0.251637992951875,2.152995240497898,0.1005244925618171,0.2674747793579853
CGCNN,cgcnn_hm,matbench_log_gvrh,2,16,13.876699283681308,2.7345570169965985,0.345174399185721,42.725629925683045,36.27364842290135,24.958323511001907,0.338215785226822,0.2036715820324231,1.70233666198376,0.0958474725484848,0.15173758179412497
CGCNN,cgcnn_hm,matbench_log_gvrh,3,16,13.422179895324584,2.728963587533362,0.3512425592991957,42.6049170780078,35.17591023683937,25.728264789493345,0.3111169619237472,0.2434529242966837,1.7941684423381303,0.0940549746155738,0.10738055813317185
CGCNN,cgcnn_hm,matbench_log_gvrh,4,16,13.634717432479729,2.709135571055166,0.3101312837735158,42.52487515181381,34.05978879821553,25.19244364368561,0.3497394759530682,0.2431178621291361,1.9237898766768928,0.1075275316834449,0.44077147683989387
CGCNN,cgcnn_hm,matbench_log_kvrh,0,16,14.08679973826331,2.712701442398962,0.3250820236329497,42.94547965011302,35.986101216698245,24.076440328793485,0.4278013191825733,0.2230914199056504,2.041407381875534,0.0704919695854187,0.098624904415839
CGCNN,cgcnn_hm,matbench_log_kvrh,1,16,13.294265839558102,2.7180151449087813,0.2968092008404234,42.68527432943206,36.06234354719992,24.85434847304641,0.3843624545975913,0.2305227188171866,1.951260063302712,0.0748661309480667,0.274263418580245
CGCNN,cgcnn_hm,matbench_log_kvrh,2,16,13.252151535512596,2.724171612409748,0.3296700997007699,42.64614077674573,34.30009311957365,24.08325680929204,0.4317775289863464,0.1641826731793226,1.8435908985950225,0.0701177641749382,0.0835991939218648
CGCNN,cgcnn_hm,matbench_log_kvrh,3,16,13.200165283425584,2.713191978266594,0.2715517172323131,43.01939327798176,36.04382990397694,25.71786968877298,0.3429964920516933,0.2312975028987808,1.9849492903102235,0.0736240297555923,0.2243885306186425
CGCNN,cgcnn_hm,matbench_log_kvrh,4,16,13.593964509299877,2.68423918803681,0.2840517460105817,42.92297013322769,35.583289780780255,22.719410403471024,0.4013766599544623,0.2445837298155708,1.9047752161197236,0.0706951394677162,0.10678291535581222
CGCNN,cgcnn_hm,matbench_perovskites,0,16,13.557405734794497,2.665417002210363,0.284992600163678,28.880617701950616,24.81165606938607,14.415952059012229,0.3006374705477043,0.1533467609930716,2.612816598587253,0.0519548393785953,0.20125381943488116
CGCNN,cgcnn_hm,matbench_perovskites,1,16,13.37539896689128,2.6923169197103096,0.2664852101861535,29.28707680849988,25.24293599247175,13.231385517178646,0.3831228307569055,0.2245603194819478,2.2077072854031217,0.0515357255935668,0.18870904634189894
CGCNN,cgcnn_hm,matbench_perovskites,2,16,12.972746793189556,2.713663115496715,0.2708978810013509,28.54844307746671,24.436689159499306,16.512416814582185,0.2276774894839265,0.2087237698371821,2.346691697684177,0.0495026372373104,0.12785532828658283
CGCNN,cgcnn_hm,matbench_perovskites,3,16,12.838214661205647,2.690446524616689,0.2820063778007323,29.05165353522509,24.769935348218414,13.744561677480377,0.2442798419683037,0.1760361085841098,1.974624366736416,0.0523381009697914,0.21272547669970598
CGCNN,cgcnn_hm,matbench_perovskites,4,16,12.52267534539384,2.706378860530945,0.315702320989166,28.882447845813243,25.51847109318337,16.18207982088124,0.3552551567039564,0.2017916624500851,2.3442549091570464,0.0497995354235172,0.13674198511040692
CGCNN,cgcnn_hm,matbench_mp_gap,0,16,13.616275005982777,2.735860284913544,0.0624608209119176,42.82096546468464,38.52497005379689,28.14531932036419,0.3903183077108337,0.172054737991544,1.746826040104577,0.3028705418109894,0.3966650012230962
CGCNN,cgcnn_hm,matbench_mp_gap,1,16,13.469986311730976,2.725436901962693,0.0536378288395961,42.54275768786951,37.20331334492428,28.14403323255454,0.3608949808506349,0.2168633220152819,1.750777858787885,0.287204384803772,0.27524030548993494
CGCNN,cgcnn_hm,matbench_mp_gap,2,16,13.53341384935196,2.7444876527765354,0.0587936607102097,43.46443375556919,39.29088744386218,18.1571201183631,0.4789369307918703,0.1763282472254358,2.4270920195281893,0.2875267565250397,0.2777389328271863
CGCNN,cgcnn_hm,matbench_mp_gap,3,16,13.421317404298764,2.679583379823648,0.0570438873176381,43.38672429877146,38.71712254354804,23.16561225275767,0.2894162907573726,0.1641257657400328,1.8143705280804,0.2895867228507995,0.29370524697881334
CGCNN,cgcnn_hm,matbench_mp_gap,4,16,13.233355721684193,2.734683350244953,0.0626995556406808,42.99138227778203,37.71312355392987,23.78803236295212,0.500510332577776,0.2069122840728156,1.849667007501296,0.302773118019104,0.39590989234212415
CGCNN,cgcnn_hm,matbench_mp_e_form,0,16,12.237265678350616,2.7143744522405653,0.3158236804573437,43.26369557327868,33.17337159927235,20.863233658588825,0.4547235775481194,0.2945256353221555,2.297344154592005,0.101807877421379,0.10046811047760439
CGCNN,cgcnn_hm,matbench_mp_e_form,1,16,13.031914274288392,2.695570302454542,0.4147687420523678,43.040872611905314,32.62534609944594,22.9294591236395,0.34760543156696,0.2814513645295055,2.299586537701177,0.1303154528141021,0.34529363985809863
CGCNN,cgcnn_hm,matbench_mp_e_form,2,16,12.659823378477643,2.688757385329869,0.3113816224913957,42.994206106460695,32.96683400622542,22.451547350529733,0.3627946452683153,0.2979970538712572,2.3335456797859124,0.1175514012575149,0.23567485831208657
CGCNN,cgcnn_hm,matbench_mp_e_form,3,16,11.6142204811773,2.704714624702663,0.3163199473799863,43.10181848533088,33.95632750142046,21.69171701808957,0.3835366390976497,0.2477311905683812,2.4815855991629965,0.115722045302391,0.21996419074500564
CGCNN,cgcnn_hm,matbench_mp_e_form,4,16,12.531592233589851,2.6615455991078045,0.2619859016797292,43.097142254001554,32.10332620006565,22.494138972315746,0.3515704154002026,0.2984080014800119,2.43230789349384,0.1036972925066948,0.11669457106253396
CGCNN,cgcnn_hm,matbench_jdft2d,0,32,23.59802546581945,3.3926159126246223,0.3988824682973501,38.43128032116595,33.030057917948064,31.352984001784534,0.2711556366882248,0.1371699909193185,1.592442279377004,37.70469284057617,0.09196869734381141
CGCNN,cgcnn_hm,matbench_jdft2d,1,32,23.17534757219769,3.4045837051357286,0.3205443562019564,38.1819295540052,32.90492182156844,25.79744841266984,0.2441977937433701,0.1737656960532923,1.7407890083212567,54.598262786865234,0.49001076683813855
CGCNN,cgcnn_hm,matbench_jdft2d,2,32,23.64617799456953,3.420573458844878,0.3623121557353906,38.10278733088012,33.841833305310296,28.032710587176336,0.2800280651139208,0.1601661347631976,1.5539092596810489,74.50220489501953,0.9589824722274628
CGCNN,cgcnn_hm,matbench_jdft2d,3,32,24.3025132059835,3.4065816673746654,0.3945707891024963,37.53891991152236,33.3536715184394,25.21676702241408,0.3603823469595281,0.1733195619815619,1.5502041708830974,38.75045394897461,0.11660865900419645
CGCNN,cgcnn_hm,matbench_jdft2d,4,32,24.10372943074342,3.418429169022056,0.3916547339583,38.61316950283888,34.12862227491549,29.51088251380104,0.3247688168978344,0.1692031737538287,1.565206418303796,52.909271240234375,0.4502151704830265
CGCNN,cgcnn_hm,matbench_phonons,0,32,23.83166101952972,3.418992775988101,0.3534938732949843,31.9129095435822,29.168875768515687,17.522840534882924,0.2985777613594385,0.0945376229781172,1.5514094538879384,87.29473876953125,0.39864144566782067
CGCNN,cgcnn_hm,matbench_phonons,1,32,24.33124097946865,3.3901229180411634,0.3671302810952422,32.521202315905064,30.03356385925847,15.859127827210685,0.3339137017411052,0.1060390210988372,1.5613676093783484,64.32543182373047,0.0794034983561377
CGCNN,cgcnn_hm,matbench_phonons,2,32,24.390658113371916,3.4186167951404327,0.3257729351072339,31.999786686771383,29.464868567064485,15.699184537853464,0.2581930268908769,0.0974466845766926,1.314764150422442,72.41483306884766,0.19183370160804306
CGCNN,cgcnn_hm,matbench_phonons,3,32,23.70357014580509,3.409431671099295,0.3404468354197875,32.391689232938155,29.04284622152053,16.710050636058956,0.3097921217469295,0.1033764198650587,1.4073151766937066,59.64535903930664,0.014357703439723079
CGCNN,cgcnn_hm,matbench_phonons,4,32,23.03247286675219,3.4272975396449743,0.3443795749542533,32.30381886943219,29.19690075213159,16.737971457641926,0.2806284085813069,0.1037263275418419,1.4246761843315152,62.81674957275391,0.05843514149261572
CGCNN,cgcnn_hm,matbench_dielectric,0,32,23.07631294872972,3.3873634724529635,0.2537334311051482,40.296667003862034,34.88123016257547,23.836205335881072,0.347908317266241,0.1896400929008624,1.5848701714614188,0.3764285445213318,0.1654911511863605
CGCNN,cgcnn_hm,matbench_dielectric,1,32,20.83539274036815,3.4113385024005742,0.0710819259076221,39.88961378685291,34.65945416465579,26.0549891630013,0.3683271044348553,0.1932373964658817,1.595047991104597,0.4488938748836517,0.40082972780944126
CGCNN,cgcnn_hm,matbench_dielectric,2,32,18.843153496932587,3.3644760734871664,0.0586891702320169,41.34231868714747,34.92964499760828,19.66110626516864,0.2812295568873081,0.1628372813846124,2.3088333223828448,0.5643787980079651,0.7758788346528666
CGCNN,cgcnn_hm,matbench_dielectric,3,32,17.262094261752004,3.3710063804110666,0.0299360678364485,42.76688059716184,36.121046642744766,6.38584093661524,0.2586212214002793,0.2139226258390879,2.861318575616598,0.4551479816436767,0.42114057957254025
CGCNN,cgcnn_hm,matbench_dielectric,4,32,20.73082270859446,3.345124512480159,0.0668818982479092,40.52594416550605,35.670637501030924,20.308021722848423,0.3510968058456666,0.1878515773947781,1.8090696699470368,0.4462446868419647,0.39222621851996076
CGCNN,cgcnn_hm,matbench_log_gvrh,0,32,24.869717576174097,3.4095457397906697,0.266459521494009,42.02066291631385,35.641208069270064,29.23717644884336,0.351942221354675,0.1901042852506236,1.429366457685404,0.0901184454560279,0.009967493456193594
CGCNN,cgcnn_hm,matbench_log_gvrh,1,32,24.75875818343131,3.426033892150937,0.2531083386920114,42.0598771948777,35.71691403633701,29.067995097179377,0.4635611515614734,0.1305530962814912,1.5100974130875426,0.1001877337694168,0.25914137073961346
CGCNN,cgcnn_hm,matbench_log_gvrh,2,32,24.26948348369389,3.3995060189210813,0.28873792106517,42.07207505241711,34.6365079561944,28.37538016691809,0.3654385493103845,0.2137592213610581,1.645366020366716,0.0954529345035553,0.1419743719890997
CGCNN,cgcnn_hm,matbench_log_gvrh,3,32,24.887096948014733,3.4073103068821537,0.2596944328380143,41.939773643094505,35.089852163542915,32.68995366221177,0.4765678619064268,0.1988293381412515,1.5795163287704022,0.089715652167797,0.0
CGCNN,cgcnn_hm,matbench_log_gvrh,4,32,24.671180194005107,3.4106975633949963,0.2741437597505898,41.97540537923326,34.755092401884774,32.019626581993975,0.3354515540279498,0.1948658580233062,1.5699235840802297,0.1015736013650894,0.29343594960831343
CGCNN,cgcnn_hm,matbench_log_kvrh,0,32,24.75189826575253,3.41939730309549,0.2692730040832805,42.20908078757615,35.6981806094457,30.78256241781357,0.3257967190687334,0.2006308353968652,1.7930044695175489,0.0680769085884094,0.0016514071065541396
CGCNN,cgcnn_hm,matbench_log_kvrh,1,32,24.50428859429369,3.4044680324968657,0.2544583335895498,42.19343476796944,36.35654920257428,26.97304381602746,0.3031667980431165,0.1786485396367975,1.6737063165186084,0.0768155977129936,0.3525416112707339
CGCNN,cgcnn_hm,matbench_log_kvrh,2,32,24.113067669810725,3.4064801077328286,0.2635699985115211,42.48157686406323,36.153927974948985,28.16475174589513,0.343560157414129,0.1813946303050579,1.6854863780793372,0.0709826275706291,0.11832661003217834
CGCNN,cgcnn_hm,matbench_log_kvrh,3,32,24.313878709356903,3.402965609768077,0.2392299514377267,42.25584584488911,36.32404465340363,29.406002976029804,0.390139335476956,0.1917877271897976,1.5920687066855754,0.0738107189536094,0.23188478204417673
CGCNN,cgcnn_hm,matbench_log_kvrh,4,32,24.62143973143735,3.4032009455558723,0.2649723771619912,42.26313779258853,36.332711310272,26.64745511979366,0.5439845164512705,0.192232450365109,1.704669781499406,0.0740114077925682,0.2399431700554426
CGCNN,cgcnn_hm,matbench_perovskites,0,32,23.76125030381608,3.416449369737037,0.2392880090715089,28.138437281319803,25.64151067889645,19.22319690737897,0.2481730078337218,0.1580226611403623,1.6239295330389043,0.0495476648211479,0.12920307880766913
CGCNN,cgcnn_hm,matbench_perovskites,1,32,23.344600915625616,3.394593150776387,0.254865844808984,28.230549673484955,25.604857769305973,19.25673853398502,0.2122447655573549,0.1487500194031797,1.5572104300447387,0.0476473048329353,0.07232214170012839
CGCNN,cgcnn_hm,matbench_perovskites,2,32,23.47917370025631,3.4074319188067745,0.26039578729996,28.31443096537617,25.60062716187702,18.14537662050792,0.274594359357305,0.1633428150652967,1.678664860456637,0.0466151684522628,0.04142858210110939
CGCNN,cgcnn_hm,matbench_perovskites,3,32,23.90206284576421,3.4061487342631285,0.2335670743409423,28.39337588452065,25.635287816000485,17.00367692814367,0.2264073834417464,0.139767732002479,2.07285777088301,0.0464304350316524,0.03589920338098371
CGCNN,cgcnn_hm,matbench_perovskites,4,32,23.80692203019633,3.390497872469129,0.2471597044389348,28.355992472927426,25.864724002645215,18.600584884907395,0.2998540301735634,0.1622254831591784,1.8939246106159449,0.0474678054451942,0.06694942629448226
CGCNN,cgcnn_hm,matbench_mp_gap,0,32,24.01226541407599,3.4300495904768207,0.0318585430915873,42.45704326230365,39.29072909364023,31.717821808215295,0.2200559549349492,0.1413493536187982,1.5900016631403235,0.2631641626358032,0.08891020163878724
CGCNN,cgcnn_hm,matbench_mp_gap,1,32,23.296816218726686,3.426191387473485,0.0359547109900912,42.52282354280967,38.70348388591876,31.78226480209434,0.2873051507426151,0.1490708667873498,1.4484414336609226,0.2607309818267822,0.07005118986818973
CGCNN,cgcnn_hm,matbench_mp_gap,2,32,23.345059808619613,3.435306588542204,0.0324671061641803,42.52601643016019,39.10907157190881,29.94889498523585,0.1744667055696038,0.1172558774872953,1.4335050950555863,0.2616067826747894,0.07683931611019788
CGCNN,cgcnn_hm,matbench_mp_gap,3,32,25.270230846951254,3.437136660798528,0.0343490855059895,42.240870375280245,38.99053736587328,32.016423321572724,0.2507250520812058,0.1103782022261612,1.3534747994652985,0.2707482874393463,0.14769296797058656
CGCNN,cgcnn_hm,matbench_mp_gap,4,32,24.237710556377035,3.421651982385777,0.0360815153820213,42.4625172804361,38.76720927276152,30.198774652054084,0.2646080227298217,0.1235580861171034,1.3800318372756064,0.2766726016998291,0.19361093344069785
CGCNN,cgcnn_hm,matbench_mp_e_form,0,32,21.91652488435428,3.3572798830286823,0.2209276096638813,42.62441740808672,32.87690037545025,25.689642508936053,0.3787346995257324,0.223263287419437,1.978437826097151,0.1076112389564514,0.15030788255352695
CGCNN,cgcnn_hm,matbench_mp_e_form,1,32,22.93943140556242,3.390838991246843,0.2173625771321466,42.57935316683759,33.81233613933947,24.704146225223138,0.2617085074083832,0.2369203310482365,1.784338771538588,0.1038245782256126,0.11778771185361586
CGCNN,cgcnn_hm,matbench_mp_e_form,2,32,22.991798549503347,3.396657011224555,0.2570774578830747,42.506443874357984,33.714879786335146,25.412247571512584,0.3357305023908273,0.2276822902340324,1.841565451631417,0.0901093333959579,0.0
CGCNN,cgcnn_hm,matbench_mp_e_form,3,32,22.72581727591138,3.362699607570361,0.2623871147889131,42.39306097821569,33.17074748105844,28.892643797423773,0.4277549241987364,0.2202507892480404,1.9711524229171489,0.1211792975664138,0.266831546389826
CGCNN,cgcnn_hm,matbench_mp_e_form,4,32,22.546605276667204,3.4026849798506067,0.2825758757628054,42.471575574697454,33.409882846746015,26.247823399870747,0.356317426191116,0.1831100782242322,1.7919718040347123,0.0904845893383026,0.003222730571508628
CGCNN,cgcnn_hm,matbench_jdft2d,0,64,34.48255996469578,4.117210918768169,0.2126547720401425,38.28965048672286,33.18091914106046,33.004335727731046,0.2575147149952283,0.1329396788503113,1.405793303592783,33.92523956298828,0.002918164570028894
CGCNN,cgcnn_hm,matbench_jdft2d,1,64,35.85877195557357,4.117469594510158,0.2234825264514574,37.91429478438094,33.850333092697134,30.144375517532502,0.2158076904655547,0.1322474801082739,1.4407345794057556,52.0474739074707,0.4299097172893813
CGCNN,cgcnn_hm,matbench_jdft2d,2,64,34.005198722295084,4.119792313977227,0.2063043890932891,37.944942982136034,33.868992524531244,30.09848858743682,0.482592395641818,0.1784687441551925,1.6677156766031656,72.41779327392578,0.90987008698408
CGCNN,cgcnn_hm,matbench_jdft2d,3,64,34.36923790071116,4.123974675839188,0.208077495851107,37.45897335471061,33.557508256920464,28.4925188770742,0.3753686857710577,0.171349745942372,1.5410250461511537,38.30324172973633,0.10607155655547106
CGCNN,cgcnn_hm,matbench_jdft2d,4,64,35.33290082452668,4.104191747802247,0.2137870565622056,38.44429272856434,33.40547201557272,31.103626987274115,0.3716252367402328,0.1391322833714859,1.4395324167060184,58.40584182739258,0.5797239918032175
CGCNN,cgcnn_hm,matbench_phonons,0,64,33.093583750660216,4.127895202980646,0.1933909599381146,31.452276116329088,28.761162879313023,21.540016577292096,0.2515888552197581,0.1055423395196873,1.3729678739171165,97.8459701538086,0.5452872916515674
CGCNN,cgcnn_hm,matbench_phonons,1,64,33.16004808417402,4.1228363233932654,0.2000892288968729,32.01904874681786,29.63347020590692,20.790000160381457,0.2596460134601106,0.0988564085578167,1.3781158374639983,64.89634704589844,0.08733833957899036
CGCNN,cgcnn_hm,matbench_phonons,2,64,33.48625778096185,4.12421573220697,0.1986192848106169,31.47102464722668,29.23655497236368,19.79227955464816,0.2584964905799778,0.0807069870636485,1.290625154801736,78.0185546875,0.2697167910310665
CGCNN,cgcnn_hm,matbench_phonons,3,64,32.998569618199284,4.109227791918826,0.186277133662582,32.1524227321951,29.392455530617404,20.69080950180892,0.3028946128699161,0.1143208329383529,1.5239548752023735,63.44304656982422,0.06713970398655496
CGCNN,cgcnn_hm,matbench_phonons,4,64,33.699995544737526,4.129326775822951,0.1940795794806473,32.08297305190295,30.01230575240488,19.173774347650447,0.1768811843215463,0.0815320357602721,1.2774464233967775,71.51718139648438,0.17935772756309945
CGCNN,cgcnn_hm,matbench_dielectric,0,64,33.99003238401224,4.103336135422376,0.1542107871516796,39.97304717748136,34.24759248963049,32.10927567475351,0.2582272876478087,0.1570207977142555,1.4108117112730671,0.3491156101226806,0.07678960145713395
CGCNN,cgcnn_hm,matbench_dielectric,1,64,28.7178823049236,4.090867654093034,0.0555437589344056,40.14467087593292,34.183185158823335,17.383707347217822,0.3940993142896913,0.2064126283403888,1.6715394001727957,0.5096032619476318,0.5979896754404228
CGCNN,cgcnn_hm,matbench_dielectric,2,64,30.720742017087797,4.092887026603696,0.0728771604101493,40.3590041119544,34.9002982466655,26.666694784284196,0.3626229894812623,0.1736846797597455,1.5985323408993248,0.5244090557098389,0.6460730059427628
CGCNN,cgcnn_hm,matbench_dielectric,3,64,25.47306239670874,4.038303727449089,0.024039955619047,41.61030038072017,36.054166368376,15.963215617086597,0.2892650376189766,0.1814390531888638,2.18045146727283,0.4297001361846924,0.33849609705244743
CGCNN,cgcnn_hm,matbench_dielectric,4,64,30.98676129774446,4.0783109821362125,0.077089108425683,39.88602846307918,34.76931249148061,27.06443658089717,0.3920267536038713,0.189327311548052,1.6723351132934683,0.492297887802124,0.541788701830409
CGCNN,cgcnn_hm,matbench_log_gvrh,0,64,34.47269099450089,4.094042243678408,0.2005428737266508,41.86236867468022,34.7025244938913,35.022014691316095,0.4000999577101995,0.2120495934400517,1.5380923239207558,0.1008956581354141,0.2766596156849294
CGCNN,cgcnn_hm,matbench_log_gvrh,1,64,36.21348135289833,4.107764698144656,0.1983787388304982,41.84663237148033,36.147317741191245,35.46026381493509,0.3756730396675885,0.1805210405852272,1.3174067082319332,0.1054700314998626,0.389856726730608
CGCNN,cgcnn_hm,matbench_log_gvrh,2,64,36.954729031409066,4.128984625718344,0.216433236006038,41.82467049455824,37.07414138636278,35.800578405207226,0.3961088555694014,0.133130978695974,1.1848377836265802,0.0936792120337486,0.09808196457448749
CGCNN,cgcnn_hm,matbench_log_gvrh,3,64,35.92297170227802,4.098399398990851,0.2045582575101265,41.84840053029203,36.12157269518833,33.59715064568708,0.4095952371747787,0.1705048390959755,1.3545856257604296,0.0934744924306869,0.09301598814564897
CGCNN,cgcnn_hm,matbench_log_gvrh,4,64,36.165518471408106,4.109590985116252,0.1937572879745303,41.88488681309448,36.198568297735065,34.295348282922355,0.3637479595168136,0.1614571669582782,1.3251363553268625,0.0962209850549697,0.16098049515185842
CGCNN,cgcnn_hm,matbench_log_kvrh,0,64,36.28413791480243,4.122156285693965,0.2026382042008865,41.95166791519005,37.22389483525912,34.941675448874406,0.410475160545253,0.1619945140003768,1.267000935719706,0.0692549422383308,0.0489537498309686
CGCNN,cgcnn_hm,matbench_log_kvrh,1,64,35.34825120999625,4.103097577325245,0.1957426829678729,41.9628610196859,36.59089968284258,34.40823524683916,0.3876283197562752,0.1529012074279281,1.2623949516144424,0.0744673013687133,0.25824895799801345
CGCNN,cgcnn_hm,matbench_log_kvrh,2,64,36.42991828738856,4.1247315455184745,0.1999571669399974,41.97612874993281,36.70759230700726,32.812238327490945,0.3365022234393542,0.1550312243466932,1.3516222627882506,0.0680357813835144,0.0
CGCNN,cgcnn_hm,matbench_log_kvrh,3,64,36.06925397310217,4.1022543639700375,0.1834863578251024,41.92969705227758,36.657649171367,34.065472538362336,0.4050059626696681,0.1486356992487141,1.3191602367249395,0.0749115273356437,0.27608624892448935
CGCNN,cgcnn_hm,matbench_log_kvrh,4,64,35.00980503709565,4.101103316266048,0.1928612371374236,41.92259112443062,35.97152170172475,34.337097930537176,0.3489128503683052,0.1139519506049586,1.5043287974196344,0.0741051062941551,0.24370550624602824
CGCNN,cgcnn_hm,matbench_perovskites,0,64,32.52146263472362,4.110087666600268,0.1834222756448844,27.958377643015247,25.754283871832435,20.489015126323885,0.198283402580363,0.110066277472738,1.392317533779335,0.0479119978845119,0.0802448452473088
CGCNN,cgcnn_hm,matbench_perovskites,1,64,31.930299567864527,4.104581800017709,0.1790180342067478,27.964080446893384,25.983422923343863,21.268998420348066,0.2492247994872416,0.109347333054278,1.586356566845548,0.0478617772459983,0.07874165795726308
CGCNN,cgcnn_hm,matbench_perovskites,2,64,31.682661781942294,4.114690973836063,0.1893971535570728,27.99812865644769,26.02599259125165,20.05359891493919,0.3058301469984,0.1480212251320947,1.7657336137587103,0.0452310629189014,0.0
CGCNN,cgcnn_hm,matbench_perovskites,3,64,31.690528646203315,4.118325006078067,0.1771335183726047,27.95455161456685,26.002897295400828,21.761116427375143,0.2416642003924484,0.1089996003648275,1.382639943321789,0.0453768968582153,0.004365052506741473
CGCNN,cgcnn_hm,matbench_perovskites,4,64,30.732737089874423,4.128561020194653,0.1808360106953848,27.92156305653215,25.91072143373601,20.490418913222083,0.2276075142754682,0.0926977521894642,1.2736042826814642,0.0457403883337974,0.015244957308967641
CGCNN,cgcnn_hm,matbench_mp_gap,0,64,29.561076273894862,4.127075325720924,0.0380775459444562,42.21947807567695,39.183099238785886,33.66115098269287,0.2228403525954946,0.108591871609775,1.3430318978796432,0.2516930103302002,0.0
CGCNN,cgcnn_hm,matbench_mp_gap,1,64,29.90161216022541,4.123308162497047,0.0374334596175184,42.2268413163281,39.28862193970237,32.86983451048446,0.1761895334257242,0.0781361618151021,1.2971429537361905,0.2531798481941223,0.011524130337013248
CGCNN,cgcnn_hm,matbench_mp_gap,2,64,28.53604737807853,4.121653772494407,0.0383982280676401,42.22478076359891,39.43062385230011,32.56352435854092,0.3330308410600381,0.1039950464440365,1.3532119846414603,0.2520661652088165,0.002892235637396701
CGCNN,cgcnn_hm,matbench_mp_gap,3,64,30.8700279903835,4.116117297455156,0.037426836141347,42.31698560803344,39.39471643933381,32.461661198989795,0.1902624033265933,0.0837822395604908,1.3733910906188418,0.2536015510559082,0.014792649965570823
CGCNN,cgcnn_hm,matbench_mp_gap,4,64,27.834989554625167,4.114176891215141,0.0420256501421235,42.290859821784686,39.59387576938905,33.00311312471416,0.3247457627118644,0.1072757682758647,1.305302213917082,0.2613639235496521,0.0749569721912502
CGCNN,cgcnn_hm,matbench_mp_e_form,0,64,33.31484393257939,4.01920555597891,0.1827551405488722,42.24383238519077,33.741223835838845,30.906428212772283,0.3866366643304191,0.1888477801207091,1.7288783049303251,0.1155958324670791,0.21888026397136154
CGCNN,cgcnn_hm,matbench_mp_e_form,1,64,32.880772776098226,4.0479635214097645,0.1798745018730257,42.12443870806319,33.46805933003776,31.63936982704007,0.2874262207118583,0.2052891990790333,1.6933685419787747,0.1238817125558853,0.29004012064732076
CGCNN,cgcnn_hm,matbench_mp_e_form,2,64,33.29442633316648,4.084731106026688,0.1890157142649497,42.23619450344642,34.73876089804868,29.89562219550928,0.3349311393310678,0.2002705411301621,1.6237617778984632,0.09806489944458,0.06832309105714306
CGCNN,cgcnn_hm,matbench_mp_e_form,3,64,33.53179724210524,4.039669025974604,0.2209662804103625,42.04157684654074,34.20851897089665,32.60791528941843,0.3003150068230222,0.1918125251502956,1.5591542325860377,0.1021959111094474,0.10380057743735359
CGCNN,cgcnn_hm,matbench_mp_e_form,4,64,32.81976082264933,4.115874301917863,0.2221473221891726,42.17158097205095,34.98728593436659,28.991785590066243,0.3164240950211687,0.1774835059506897,1.5079467655633585,0.0974916368722915,0.06339986237841151
