Model,Method,Task,Fold,Dimension,Effective_Rank,Embedding_Entropy,Inverse_Squared_Distance,Spectral_Radius,Spectral_Gap,Fiedler_Value,ARI,Silhouette,QCI,MAE
CGCNN,cgcnn_emb,matbench_jdft2d,0,8,7.895121661338838,2.0681905691796327,0.04664008691410259,39.380842508523415,35.61906819364454,22.27445132556027,-0.0067255827462131814,0.09793591480204937,1.4845161179960387,47.5090217590332
CGCNN,cgcnn_emb,matbench_jdft2d,1,8,7.905497550241696,2.0725907386910536,0.043732676844746785,39.17844425758353,35.75554035074774,17.71932669784944,-0.002006608783962986,0.07995887400912076,2.179207204133347,60.2819938659668
CGCNN,cgcnn_emb,matbench_jdft2d,2,8,7.87154767007538,2.0711049297673583,0.03780685076498225,38.871720868894414,34.993820243714445,25.860289419366598,0.020818486203332928,0.1000837224692882,1.5782295839975373,76.24305725097656
CGCNN,cgcnn_emb,matbench_jdft2d,3,8,7.910260689720813,2.0674803225302503,0.04434313604627567,38.191307579932854,34.80541996380557,25.68175997057048,-0.009278608697097953,0.10520926548144521,1.615534405540061,43.12605667114258
CGCNN,cgcnn_emb,matbench_jdft2d,4,8,7.886378203073128,2.072898408013762,0.04251855519919031,39.24584912221238,35.04014448657939,23.31977495797276,0.002019227105901477,0.08148492112399278,1.6805757312896927,56.84969329833984
CGCNN,cgcnn_emb,matbench_phonons,0,8,7.835317515417504,2.057790688247293,0.0470276592639526,32.6419558123143,29.664339889383562,13.158857900641836,-0.015027256620710382,0.09015991830860572,1.5535041847238782,120.85586547851562
CGCNN,cgcnn_emb,matbench_phonons,1,8,7.915797804301414,2.063131585114398,0.04491652439458938,32.777917363030056,29.986957087555503,20.712516626014896,-0.04443603330809993,0.08966096686879182,1.5135751488320088,95.01361083984376
CGCNN,cgcnn_emb,matbench_phonons,2,8,7.860147645606931,2.0728731438465964,0.05188152526968418,32.329106074672076,28.770759927162526,18.597196504023817,0.005904509823882724,0.10609425896389685,1.4604440169495558,107.58792877197266
CGCNN,cgcnn_emb,matbench_phonons,3,8,7.841739729630275,2.0690155964206993,0.047508975053687105,33.14850297842378,30.412871908483424,14.588891708656215,-0.00842273080875503,0.07241914351160286,1.4186555535748337,106.3216552734375
CGCNN,cgcnn_emb,matbench_phonons,4,8,7.850655576140091,2.0723283718145242,0.046180936356359316,32.30678541239045,29.1688516914528,21.709279232442043,0.0018627019338232804,0.12511229013630648,1.505135548951174,83.64874267578125
CGCNN,cgcnn_emb,matbench_dielectric,0,8,7.879740006434417,2.0653622184727674,0.04465874693010559,40.95440394387807,36.80417710021482,23.756756160961196,0.012282601263649526,0.09773877872129584,1.604855839575211,0.416130393743515
CGCNN,cgcnn_emb,matbench_dielectric,1,8,7.881111219637887,2.0689318229334392,0.04633035998449737,40.73685468653288,36.48702368382993,23.504303450926923,-0.0048476392644213225,0.14198783983432978,1.7324357282858254,0.4816587567329407
CGCNN,cgcnn_emb,matbench_dielectric,2,8,7.8354359819756425,2.0621921229559463,0.047870684873302045,41.32642532755063,37.580704458287755,16.606900281190306,-0.00843710451072606,0.1178960246743678,1.6122993729143877,0.6333900690078735
CGCNN,cgcnn_emb,matbench_dielectric,3,8,7.908503337712244,2.069906815428853,0.04861018008528823,40.83925765598565,36.79584461737774,26.978597426958167,-0.007099180457689071,0.1187843551323543,1.5764197657764967,0.4796147644519806
CGCNN,cgcnn_emb,matbench_dielectric,4,8,7.895979721122222,2.072206907512529,0.0454114084396332,40.373932018365075,36.22138715151388,26.951044323285206,-0.007196958266694831,0.10033067385405806,1.4729917330275666,0.5495129823684692
CGCNN,cgcnn_emb,matbench_log_gvrh,0,8,7.880942329601584,2.0748332295349368,0.04822416678647598,43.1533420880921,39.010412864707156,28.308767150966013,-0.004943650760400519,0.07967728118145341,1.4326498475904725,0.1072946935892105
CGCNN,cgcnn_emb,matbench_log_gvrh,1,8,7.8955187094596155,2.0677285003636294,0.044569950867785695,43.18873083093778,38.67965682438599,23.842493632654495,0.02996350416790923,0.10082141588568325,1.405770056240137,0.130126342177391
CGCNN,cgcnn_emb,matbench_log_gvrh,2,8,7.90050646590924,2.0648017311780427,0.04398302725433042,42.78568562897091,38.400113971753235,30.532369318773622,-0.006144714291685826,0.08877592960940801,1.4317004286132637,0.1216098889708519
CGCNN,cgcnn_emb,matbench_log_gvrh,3,8,7.916843856497686,2.0738278812632664,0.04918536473825676,43.15594395682554,39.1289820187185,24.33253685446966,-0.0030076202036550003,0.08332628557362995,1.5390871576669898,0.1138070821762085
CGCNN,cgcnn_emb,matbench_log_gvrh,4,8,7.9144057680518,2.0727006041935745,0.047563247180394966,43.23922596684573,39.55840924811394,25.37608784300181,0.02013647590739733,0.09522740026326683,1.3931919506116677,0.1131841763854026
CGCNN,cgcnn_emb,matbench_log_kvrh,0,8,7.882963932293324,2.070086825322187,0.04524020910307796,42.78662492627212,38.42964452601507,28.131316546206577,-0.019218638294293284,0.11150469990613011,1.539721945701583,0.090876817703247
CGCNN,cgcnn_emb,matbench_log_kvrh,1,8,7.892168975554052,2.0762945621806503,0.045231873299272106,42.84749858627377,37.89188987784634,26.984014154102514,0.011533592108741322,0.10846058278265847,1.521277617876827,0.0929401218891143
CGCNN,cgcnn_emb,matbench_log_kvrh,2,8,7.897247756305575,2.0688435713871933,0.047800894008946354,43.15766376757173,39.04435063201593,25.73445947877712,0.025112755317554403,0.1272269618402971,1.5846021031874322,0.0866594761610031
CGCNN,cgcnn_emb,matbench_log_kvrh,3,8,7.955632669131802,2.076777800902752,0.048460927889861984,42.87593679585375,39.04920665161039,24.638343568105885,0.0018907008104989504,0.10926194388698447,1.4667535507873655,0.0883557051420211
CGCNN,cgcnn_emb,matbench_log_kvrh,4,8,7.921287801607825,2.0701843317174937,0.04387641489466435,42.92091543985053,38.766546527986925,27.250580976205665,0.059584879954400746,0.10759306339722145,1.4790664670971168,0.0895930007100105
CGCNN,cgcnn_emb,matbench_perovskites,0,8,7.860741627085154,2.062720999530205,0.04952674580876424,28.38418889285652,25.835631443376958,19.28565676959221,0.03502619239145363,0.14192073322864135,1.7567194699956123,0.0697182491421699
CGCNN,cgcnn_emb,matbench_perovskites,1,8,7.7822057861393645,2.05929053203989,0.04262379646738784,28.603797598769187,25.719589053121233,16.660963931927636,0.01021209740769835,0.12209213176526612,1.61100863704537,0.0786404982209205
CGCNN,cgcnn_emb,matbench_perovskites,2,8,7.888712244927677,2.070243474697869,0.05182668548368352,28.272408283008623,25.421186897778174,19.41493758540143,0.042505303525818786,0.13740296851171846,1.6261978468491887,0.0700287371873855
CGCNN,cgcnn_emb,matbench_perovskites,3,8,7.872536526804887,2.0657496137976095,0.051146825634212745,28.401318886245814,25.4996596368716,19.442643944350813,0.0549609967170982,0.1050742371792168,1.4563583497698172,0.0761086791753768
CGCNN,cgcnn_emb,matbench_perovskites,4,8,7.8578845820755046,2.0655179572762274,0.048843111473041184,28.601258513698514,25.811960435183288,15.13811740981266,0.02716126776694113,0.12225410863798111,1.8738987528633444,0.0780360549688339
CGCNN,cgcnn_emb,matbench_mp_gap,0,8,7.891124178537116,2.067513733299864,0.057576016810189715,43.47039486662872,39.60304255654917,21.56324613306267,0.07195260700694417,0.14616660931903314,1.6898608595907334,0.3424437344074249
CGCNN,cgcnn_emb,matbench_mp_gap,1,8,7.8621601134544745,2.0690167769340198,0.05297457569073537,42.97272010275813,38.296326059235284,23.9156273714619,0.00528484041446465,0.09396557056496845,1.4638312534836582,0.3417320251464844
CGCNN,cgcnn_emb,matbench_mp_gap,2,8,7.856245425750366,2.067007146674767,0.054190188499511564,43.36069920113055,38.70677217254533,18.991625069871823,0.03638745260255084,0.13616577191874385,1.6373621021489475,0.3622309863567352
CGCNN,cgcnn_emb,matbench_mp_gap,3,8,7.916638489484063,2.066858311764777,0.05237105839250104,42.987171152885864,38.74751153854173,21.301270309359644,0.018438593017884246,0.08937248684990005,1.9284231009858308,0.3807125389575958
CGCNN,cgcnn_emb,matbench_mp_gap,4,8,7.8900772301930875,2.072759545116868,0.05268634373572493,43.29446032360019,39.008144554323756,25.74821977476008,0.08302948366039849,0.15427390982657788,1.6789199962852266,0.3407089114189148
CGCNN,cgcnn_emb,matbench_mp_e_form,0,8,7.897892003301742,2.06793446802583,0.047539660687627,42.803768544124914,38.687414636502936,26.110415236441426,-0.0033028764805414553,0.09016160302273578,1.4938620145802395,0.2065497040748596
CGCNN,cgcnn_emb,matbench_mp_e_form,1,8,7.872327151395498,2.065717301917234,0.04586248239748855,43.022304043715785,38.657003371857954,24.342623975129733,0.010487934778155598,0.09475748990737677,1.6029173681672908,0.176656037569046
CGCNN,cgcnn_emb,matbench_mp_e_form,2,8,7.883526760640018,2.0633601822619543,0.047514890740227626,43.05248929383605,38.52516761945678,21.94422100669933,0.0040330024567233275,0.11523032299938735,1.5197895533784531,0.2023722380399704
CGCNN,cgcnn_emb,matbench_mp_e_form,3,8,7.917244330390809,2.0693544030612,0.044754278342932434,42.806091944211566,38.601060694297956,25.127246812595633,0.06492412576828417,0.13727829840382558,1.689274567625049,0.2021406292915344
CGCNN,cgcnn_emb,matbench_mp_e_form,4,8,7.894307208762164,2.062109757173001,0.04617633797549899,43.01889700401624,38.757993637089484,20.932378120950276,0.06786299508412934,0.11544714673497246,1.6194062013467327,0.1415694653987884
CGCNN,cgcnn_emb,matbench_jdft2d,0,16,15.46912291345995,2.756527206812529,0.023297490258368123,38.773307553085104,36.374257415885296,29.647283272863792,0.005023335480365451,0.06006957689434725,1.3162039693364433,33.801387786865234
CGCNN,cgcnn_emb,matbench_jdft2d,1,16,15.581712426776567,2.760486778769577,0.022392258497339154,38.14549830536584,36.151811650078336,28.1707516260211,0.005835836707585152,0.054462198768710376,1.2269674536093258,60.42766571044922
CGCNN,cgcnn_emb,matbench_jdft2d,2,16,15.528933233601142,2.7627190670619695,0.022559132233980397,38.37637223088157,36.633832181878226,25.444449096538214,0.025294260615950834,0.04186751815247649,1.1285109726517215,75.69554138183594
CGCNN,cgcnn_emb,matbench_jdft2d,3,16,15.483695562649794,2.7604092573782006,0.01989797078420623,37.746847585010826,35.57926382374137,26.153953990510317,0.0062764726162332545,0.035595070346409234,1.2373528817155297,40.55635452270508
CGCNN,cgcnn_emb,matbench_jdft2d,4,16,15.556837202729481,2.7626309701688507,0.02095778719101911,38.78505725895146,36.6343589217801,29.652988126118345,0.020330214001268183,0.06646460704818993,1.2644059840407746,55.61809539794922
CGCNN,cgcnn_emb,matbench_phonons,0,16,15.337300490936219,2.7535754742432346,0.021785599019794096,31.62882614456098,29.56803495419718,19.948103183236885,-0.017135499207606972,0.07310733366906706,1.4840924589564337,130.562744140625
CGCNN,cgcnn_emb,matbench_phonons,1,16,15.500015190548266,2.760165057453311,0.02349470763109402,32.12872179554748,30.45179747265757,21.493329635239146,0.0004483299708585519,0.05679156228918548,1.4316151169586355,74.40170288085938
CGCNN,cgcnn_emb,matbench_phonons,2,16,15.459318542684287,2.7642324241586076,0.023028313717208745,31.61879910359744,29.990428447198894,23.578457917776916,0.018373729476153244,0.05703883426156295,1.4542046451838104,99.0715789794922
CGCNN,cgcnn_emb,matbench_phonons,3,16,15.501647258639746,2.7633556281594016,0.02531403552404301,32.166344687271,30.17185207195969,23.739382696065125,-0.03721138758125981,0.056015815906269285,1.1786571355834108,89.39512634277344
CGCNN,cgcnn_emb,matbench_phonons,4,16,15.466223260751097,2.7454767078221414,0.02361388073541299,32.09118346620215,30.2488742881075,23.40213141243206,-0.012915761801348725,0.06040781359582545,1.1478173303548793,97.2642822265625
CGCNN,cgcnn_emb,matbench_dielectric,0,16,15.461506661306245,2.7641606064685895,0.02275543016506012,40.511028569128776,38.31024799788685,26.348924444755955,0.008435790952995282,0.03961873225306352,1.2173147266794078,0.3809032738208771
CGCNN,cgcnn_emb,matbench_dielectric,1,16,15.56585773523906,2.758823519556399,0.024049160849029843,39.85623381456692,37.46130166843556,28.39091884372992,-0.0037487133002504264,0.045130749007131016,1.1949508011149244,0.494316041469574
CGCNN,cgcnn_emb,matbench_dielectric,2,16,15.521853928786737,2.7611326748795255,0.02355876038451941,40.28253324076671,37.960490143145265,24.171739359765688,-0.0018252229946354316,0.06573818501639295,1.155268340674838,0.5793142318725586
CGCNN,cgcnn_emb,matbench_dielectric,3,16,15.64032497131875,2.7650040930487743,0.02286636698976114,40.323370532767065,38.156352218284624,26.554846207262482,0.010395686919379324,0.07648981373278912,1.1989468312163307,0.5216547250747681
CGCNN,cgcnn_emb,matbench_dielectric,4,16,15.54292761293196,2.7603963848888857,0.0233451597016574,39.90045953713278,37.83753444796669,28.532281389434207,0.027854621768577698,0.055415149584678365,1.1574478408290008,0.5217497944831848
CGCNN,cgcnn_emb,matbench_log_gvrh,0,16,15.553024938931598,2.7579884431967487,0.02262582339478073,42.324502369885444,39.75822336243331,32.73462239693253,0.019130390392689867,0.034817579209041355,1.3533615760199993,0.1119535788893699
CGCNN,cgcnn_emb,matbench_log_gvrh,1,16,15.586895846886565,2.764612900301468,0.021622991230137126,42.25256762007061,39.85846314522118,32.085034976626076,-0.01738457498998107,0.057480095366349564,1.0901455554495598,0.111732006072998
CGCNN,cgcnn_emb,matbench_log_gvrh,2,16,15.53867213813151,2.761609823756563,0.02200554517297337,42.386828185753025,40.04183407307387,29.185405640628353,-0.017575733107244272,0.05005468609759668,1.1856289466242038,0.1137584596872329
CGCNN,cgcnn_emb,matbench_log_gvrh,3,16,15.592394611579905,2.761588401022138,0.02187049090082696,42.29484092410541,39.96478901071789,33.589095192544754,0.025440313111545987,0.04289422280144888,1.357615251541448,0.1262623965740203
CGCNN,cgcnn_emb,matbench_log_gvrh,4,16,15.602307043015193,2.7652586994922532,0.022543697118239,42.45879045680143,40.236657868604006,25.709714745528842,0.0009097907481279305,0.05778310830042608,1.1137739810877765,0.1158003658056259
CGCNN,cgcnn_emb,matbench_log_kvrh,0,16,15.633300452433241,2.766657503938396,0.023724789024860013,42.321911780705896,39.94281726775871,30.070122820078513,-0.016853857198448802,0.047801266912641714,1.3153279883335756,0.083310067653656
CGCNN,cgcnn_emb,matbench_log_kvrh,1,16,15.541425877541593,2.760005045180403,0.02127444236401956,42.48359926936919,40.17725397423946,27.481643765977807,0.0036301684031190616,0.05128633098146129,1.3889300551256332,0.0862595736980438
CGCNN,cgcnn_emb,matbench_log_kvrh,2,16,15.591652350361661,2.753855989913627,0.02294588641372971,42.4954842130736,40.27808271942846,27.224883926538347,0.016819876105959912,0.04474432215135836,1.2081390708287276,0.0844942256808281
CGCNN,cgcnn_emb,matbench_log_kvrh,3,16,15.565473571160576,2.7587659358274674,0.023450231247256075,42.47574535989825,39.93410277750421,28.52671263121169,-0.021091508062129227,0.02404323687986995,1.0904567270606758,0.0883329510688781
CGCNN,cgcnn_emb,matbench_log_kvrh,4,16,15.640195939360604,2.7512739553259618,0.023343724165683442,42.26159934245899,40.24504380310784,31.818730112829694,-0.026901632005209394,0.02713266647005374,1.0445630127062893,0.0871691480278968
CGCNN,cgcnn_emb,matbench_perovskites,0,16,15.55492544056588,2.761148727095557,0.022107704768957334,27.960536497635974,26.4950944687136,22.45608197012381,-0.026452822328681524,0.05911795936720744,1.1764403078941663,0.0651943013072013
CGCNN,cgcnn_emb,matbench_perovskites,1,16,15.369346421106423,2.759749201149346,0.02091495563106822,28.114945287157898,26.675604819126303,18.755842485650515,-0.024054585405342895,0.04048884576439615,1.149661941427551,0.0640009269118309
CGCNN,cgcnn_emb,matbench_perovskites,2,16,15.33152920831063,2.7619148407019942,0.022145874665945624,28.01819670354032,26.463348013005614,21.922067071911005,0.01188212927756654,0.049693592983199086,1.2376057080552452,0.0643138587474823
CGCNN,cgcnn_emb,matbench_perovskites,3,16,15.396679026018367,2.7591960774654094,0.022299240547532625,28.33156994372108,27.013702869738076,16.301872377978945,-0.02873272021567465,0.05086787269056469,1.6261780028587376,0.0627612099051475
CGCNN,cgcnn_emb,matbench_perovskites,4,16,15.50418615434797,2.7596063080380513,0.022460487306249624,27.916905531224156,26.3921446616686,21.545570813028174,-0.008567937610933172,0.048086730433105976,1.1398760043455005,0.0664164498448371
CGCNN,cgcnn_emb,matbench_mp_gap,0,16,15.514217333505908,2.7607967786005476,0.025391478051171604,42.53265168520705,40.239014063679114,27.53932576523811,0.011465945334894425,0.06609290112667196,1.2093748903104222,0.3022975027561188
CGCNN,cgcnn_emb,matbench_mp_gap,1,16,15.629255469749536,2.760571927365338,0.025554132349703752,42.44634345916913,40.30078187759017,23.472077228035314,0.032314330303864866,0.04600754722747028,1.1826005503606947,0.2991625666618347
CGCNN,cgcnn_emb,matbench_mp_gap,2,16,15.60554132047479,2.7570643615799826,0.025310700666800266,42.421299051855726,39.950693304229546,29.2409116677876,0.004244493539532704,0.060695412970177415,1.2611056774031133,0.312005341053009
CGCNN,cgcnn_emb,matbench_mp_gap,3,16,15.61241864320879,2.7559144462575205,0.023513403456573666,42.284574101747275,39.83246469459256,28.419417231059015,-0.007984199689036433,0.0450031775731778,1.0568836353545377,0.3263181746006012
CGCNN,cgcnn_emb,matbench_mp_gap,4,16,15.614779395381749,2.761591451373514,0.027376491005466654,42.53913233743416,40.149907644924596,26.017881033081398,0.0373696448212968,0.039805545808816234,1.070446352806033,0.3037856817245483
CGCNN,cgcnn_emb,matbench_mp_e_form,0,16,15.613490335837955,2.7653132693948193,0.02226049806922486,42.18526050368255,39.99224047536489,32.50916827566898,0.04698577954912088,0.04356237520338524,1.0793907958761857,0.1088057234883308
CGCNN,cgcnn_emb,matbench_mp_e_form,1,16,15.589240003404507,2.760316805208495,0.023677533073181198,42.474990975978585,40.257225911442056,29.053815023901645,-0.012911024523230842,0.041515915611265226,1.5438731628032123,0.1544148921966552
CGCNN,cgcnn_emb,matbench_mp_e_form,2,16,15.518459086483574,2.7598713481613775,0.023081716002828254,42.275346740374786,39.806771223677195,28.237943793458932,0.0024487418761333702,0.03959459970799347,1.2546897380373747,0.1552591174840927
CGCNN,cgcnn_emb,matbench_mp_e_form,3,16,15.577609235287834,2.7622857675850048,0.023566923777903658,42.203935709853305,39.554608551552285,31.423856349603764,0.01995067443750947,0.048016387141618336,1.1262230041343388,0.1876784414052963
CGCNN,cgcnn_emb,matbench_mp_e_form,4,16,15.665836044670671,2.765166786154981,0.022905661792432315,42.169987804498355,40.00755377853677,27.190830962826062,0.0006796776386056899,0.04417683603255292,1.0095955349850743,0.108472928404808
CGCNN,cgcnn_emb,matbench_jdft2d,0,32,29.859923339958673,3.451382487268431,0.011200232080385524,38.41220600170758,37.211975112053146,31.833065784643676,-0.03070228230174529,-0.006124932647798468,1.1028298282228042,35.546417236328125
CGCNN,cgcnn_emb,matbench_jdft2d,1,32,30.039342697304956,3.444789531363197,0.010831211767058183,37.949609102480196,36.86177757413788,30.582571702615247,0.02009976309942467,0.007654384816199477,1.1098798385487119,60.74628448486328
CGCNN,cgcnn_emb,matbench_jdft2d,2,32,30.021692577098197,3.4488632042952543,0.01101877788363454,37.88197007052413,36.84310487561985,28.2463993884616,-0.012819837843529535,0.00848230312949856,1.4410770313258667,74.09516906738281
CGCNN,cgcnn_emb,matbench_jdft2d,3,32,29.924375294490883,3.449132699437685,0.010934924850483033,37.48940307976658,36.29688681982889,28.21634660377106,0.012591038748443887,0.011128210981777251,1.0266307406224155,45.19647979736328
CGCNN,cgcnn_emb,matbench_jdft2d,4,32,30.214024171172134,3.4527661057329757,0.010639944929782565,38.34326341928702,36.98432194963516,29.596187358706292,-0.028662671535646125,0.003535046274175268,1.0656517997615413,54.82109069824219
CGCNN,cgcnn_emb,matbench_phonons,0,32,29.285773592553454,3.4489948438480416,0.011299363666817334,31.346062841270033,30.241549081950623,24.49385037528323,-0.0016473177591044025,0.012980736463995744,0.9480210249787531,128.8140106201172
CGCNN,cgcnn_emb,matbench_phonons,1,32,29.78023792852145,3.4545101859940153,0.011106213624612005,31.824178722714855,30.761933517041065,25.074136664103502,-0.018689128718083706,-0.005355067174799466,0.9708921192874779,83.5193099975586
CGCNN,cgcnn_emb,matbench_phonons,2,32,29.708556465385488,3.4476853072821187,0.010766058426116906,31.404910715103465,30.62819870905199,25.82386742165091,0.014455242467158276,0.011512431940232713,1.3903027043028038,106.9537353515625
CGCNN,cgcnn_emb,matbench_phonons,3,32,29.519436190964512,3.448889462241577,0.010977803341953425,31.91698059691205,31.032070897159315,24.52736658762991,-0.01009466635880859,0.004536242847513733,0.939823445777804,99.46365356445312
CGCNN,cgcnn_emb,matbench_phonons,4,32,29.627947925398463,3.450299951203194,0.010841440387442074,31.890130511381187,30.898038934668726,23.34598076843687,-0.03763982375883535,-0.009552632705393513,0.9554568673577815,101.67054748535156
CGCNN,cgcnn_emb,matbench_dielectric,0,32,30.059529882533322,3.450170611204835,0.011184355327749482,39.96402089611034,38.66401230792609,30.692175767412568,0.012249983108848068,0.015459037036592804,0.9625096509300781,0.3890386521816253
CGCNN,cgcnn_emb,matbench_dielectric,1,32,30.040943000880784,3.4522897144970486,0.011203634164622838,39.37374092853628,37.95264954200721,30.591798192960415,-0.0003044740598975041,0.02214429925610644,0.9535945138996536,0.5022698044776917
CGCNN,cgcnn_emb,matbench_dielectric,2,32,30.08668024408979,3.456826296648207,0.011290515863028207,40.027571788524725,38.85309034496147,32.07014549509214,-0.016592535841721823,0.01788820982766067,1.0301153258732818,0.5623272657394409
CGCNN,cgcnn_emb,matbench_dielectric,3,32,30.081712577555137,3.4539018680651066,0.010587957743966592,39.92867673141459,38.59942712885496,28.274767892754287,0.003035853249339421,0.0010574112883790336,1.2416356989116724,0.5090243220329285
CGCNN,cgcnn_emb,matbench_dielectric,4,32,30.186058246742355,3.452490875813594,0.010548390240196867,39.362626974829546,38.199033052471655,32.94055710425133,-0.005601447565101093,0.01527086277303129,0.9644616247360069,0.5738855600357056
CGCNN,cgcnn_emb,matbench_log_gvrh,0,32,30.252223771711193,3.4567130703317503,0.011543819372203348,42.01895314863207,40.67126431612289,31.814265526572946,-0.01016563860899327,0.00923631262280219,1.1722852042102727,0.1121407896280288
CGCNN,cgcnn_emb,matbench_log_gvrh,1,32,30.179233341638298,3.4578342277761953,0.010698497318940854,42.01341725341438,40.88213270367837,31.694848105626157,0.03811515176362866,0.011047146798465416,0.8121743667111176,0.1134194433689117
CGCNN,cgcnn_emb,matbench_log_gvrh,2,32,30.32313033190624,3.453754553758708,0.01078409052982738,41.861777346269754,40.62663140807173,32.76957189204727,-0.01318751121974122,0.030321654427705392,0.8711646381370483,0.1180738732218742
CGCNN,cgcnn_emb,matbench_log_gvrh,3,32,30.130026972560906,3.45583985986766,0.010866713670889462,42.06456623570611,40.76925865701503,26.076512744236428,-0.016987826270459912,0.011396749260706685,0.995095261414406,0.1097217425704002
CGCNN,cgcnn_emb,matbench_log_gvrh,4,32,30.24497722638089,3.454220847982462,0.01077710054556735,41.94385848655909,40.75532750889695,34.89024201035181,-0.026782162335579084,0.019512015995639082,0.9921912529358435,0.1154986247420311
CGCNN,cgcnn_emb,matbench_log_kvrh,0,32,30.466572488500557,3.451719565550213,0.01063934264524115,41.8634269269142,40.71812717090328,36.41695477061388,-0.00778091488713034,0.03361406260753271,0.9343004541619846,0.0815345719456672
CGCNN,cgcnn_emb,matbench_log_kvrh,1,32,30.37412016333409,3.4537333517183586,0.010680986335406435,41.877067384624155,40.68449767856939,34.58263997739487,0.00107818164665292,0.009933845421926126,1.012262930732192,0.0838582813739776
CGCNN,cgcnn_emb,matbench_log_kvrh,2,32,30.164123268752697,3.449737875688031,0.010854307092404215,41.86784888304967,40.48931493735218,35.22198378563489,0.016723234372358547,0.009394768840188033,0.9051731668768557,0.0820081457495689
CGCNN,cgcnn_emb,matbench_log_kvrh,3,32,30.13902445809671,3.455217852816937,0.010556393567547801,41.94235747315491,40.51661706631865,34.49805636300111,0.01807284100872888,0.014058951928484857,0.9713921719777208,0.0887938886880874
CGCNN,cgcnn_emb,matbench_log_kvrh,4,32,30.345029726423714,3.4569004020291034,0.010489459418934949,42.03245724981638,40.69133908693078,31.50251592355873,0.02486979692357382,0.01565471840212711,0.8534267247546019,0.0874972566962242
CGCNN,cgcnn_emb,matbench_perovskites,0,32,29.318671747730885,3.4462632974611687,0.011079989807773872,27.807682020368865,26.96106050537351,21.958267864545093,0.0565690971243736,-0.00046747511115815404,1.208807726162664,0.063635379076004
CGCNN,cgcnn_emb,matbench_perovskites,1,32,29.087197188178028,3.443572618001934,0.010545517623563757,27.902321165326413,27.15833657225715,20.498718001492577,-0.0005993819487774082,0.012354857778003884,1.1487841945664445,0.0622174404561519
CGCNN,cgcnn_emb,matbench_perovskites,2,32,29.366391855649237,3.44515706196801,0.01056104851281059,27.733794782078935,26.955092997261698,23.736800509198556,-0.016017931336103214,0.01830947614341209,0.9534914744769916,0.0603139661252498
CGCNN,cgcnn_emb,matbench_perovskites,3,32,29.22430677753451,3.45104309267711,0.010839549630726366,27.7578777972377,27.04969517856217,21.713628589109113,-0.015313502978900162,0.00815124183834946,1.119569179892635,0.0604740343987941
CGCNN,cgcnn_emb,matbench_perovskites,4,32,29.570331686049038,3.45735887019977,0.011326880462358689,27.814580158108026,26.984216312970215,22.759861297584905,-0.044406111622393864,0.027897413023982687,1.0503808992988517,0.0585333481431007
CGCNN,cgcnn_emb,matbench_mp_gap,0,32,30.341341699730698,3.4541605983658705,0.012494181666582952,41.913483977656796,40.729026095393436,34.68270809890944,0.01885852827468711,0.0166137243226194,1.120629740270389,0.2840562760829925
CGCNN,cgcnn_emb,matbench_mp_gap,1,32,30.524923382919827,3.458927682449219,0.012240046880486277,42.08611092761584,40.90956890116074,30.577110861567853,-0.02287795432103515,0.019786461004747746,0.932911175285603,0.285664290189743
CGCNN,cgcnn_emb,matbench_mp_gap,2,32,30.483496935995728,3.456721299874477,0.012337114669595386,41.957838730960795,40.730567901130506,35.25695922924368,0.02793618091068516,0.013365768662565038,0.9055223253838051,0.2744719982147217
CGCNN,cgcnn_emb,matbench_mp_gap,3,32,30.39063965790882,3.4526904746307068,0.012016687520620815,42.027931066251426,40.73871843387436,31.03959160987797,-0.000437625817422509,0.01926654159538,1.0312147101450508,0.2705320417881012
CGCNN,cgcnn_emb,matbench_mp_gap,4,32,30.521912060908157,3.4543273107030807,0.01137493868359236,41.95543338360834,40.83451361789679,33.71184765293033,-0.008016353360856146,0.0027703067496739355,0.898148232393278,0.2996885180473327
CGCNN,cgcnn_emb,matbench_mp_e_form,0,32,30.168890672916714,3.458094778653134,0.010928125733217125,41.97032355803866,40.71982422762158,33.550813737077185,-0.017294782319707543,0.026309027997116836,1.017077811196533,0.1084669008851051
CGCNN,cgcnn_emb,matbench_mp_e_form,1,32,30.129425342130272,3.455431164565616,0.011092005906307602,42.00728702944801,40.79089917114994,30.000527429276094,0.014331146089126846,0.03342598741225181,1.0000420240282435,0.164422795176506
CGCNN,cgcnn_emb,matbench_mp_e_form,2,32,30.383905702003148,3.452779120234569,0.011355908614865422,41.91086008761132,40.60033302713021,32.316331632908785,-0.012761912203252986,0.02280077209833168,1.429850979619745,0.1124444231390953
CGCNN,cgcnn_emb,matbench_mp_e_form,3,32,30.23426836937989,3.4576086595219997,0.011138618704163631,41.88994965304927,40.696619923922654,34.14484023083863,-0.00877427911900116,0.022790338846659153,1.1504156699968335,0.1342375129461288
CGCNN,cgcnn_emb,matbench_mp_e_form,4,32,30.280262257998,3.453015210542779,0.011068761426772185,41.89729480145289,40.600985706743934,31.392498460649218,0.006826474165326219,0.015554101552712706,1.1310373610184645,0.1477042734622955
CGCNN,cgcnn_emb,matbench_jdft2d,0,64,54.83692961065815,4.144938150678881,0.0054308142669834,38.21053285519331,37.57878285674819,32.70463225310846,0.007164334205698993,-0.018687280786807592,1.2669972008682888,39.9987907409668
CGCNN,cgcnn_emb,matbench_jdft2d,1,64,54.36128362802503,4.141632084897981,0.005431727737442283,37.74626647371909,37.30889192228189,30.769787782150022,0.0025755708759670577,0.005502176386972369,1.0194462214963234,59.28761672973633
CGCNN,cgcnn_emb,matbench_jdft2d,2,64,54.13549490831839,4.149142856916946,0.005449352601369055,37.703841904975775,37.08584128178982,32.139171497165606,-0.03263899447569814,-0.00010045834492433973,0.9403201873937089,73.4526596069336
CGCNN,cgcnn_emb,matbench_jdft2d,3,64,54.22182068210476,4.148783037620825,0.005513586999544084,37.17721154695737,36.57759722769942,32.815985520300345,-0.02106337288844244,-0.0005250067611277127,1.1190580762202627,45.78426742553711
CGCNN,cgcnn_emb,matbench_jdft2d,4,64,54.60607172410726,4.14105851679698,0.0053867347061285365,38.17847023315015,37.607673725403735,33.64798847189874,-0.0019441605866683048,0.0008988628356425872,1.1694764729503866,60.12865829467773
CGCNN,cgcnn_emb,matbench_phonons,0,64,50.827757161836615,4.1430873759099525,0.005520499185671675,31.14911766625228,30.74221793588258,27.941937722376984,-0.02485549931182842,0.007375118539116445,0.9932484572615243,119.00798034667967
CGCNN,cgcnn_emb,matbench_phonons,1,64,51.3937598148358,4.147083685403363,0.005388918142390979,31.70715988165705,31.32326916006094,26.999606471463196,-0.004222566679138382,0.008144997830973517,1.1708987888087279,81.0521469116211
CGCNN,cgcnn_emb,matbench_phonons,2,64,50.86032291419674,4.140810177691064,0.005527272785376736,31.145772291174143,30.787969088228717,27.048282087262592,-0.018230882622665735,-0.003113127692346819,0.7843274831786368,103.31771850585938
CGCNN,cgcnn_emb,matbench_phonons,3,64,51.10847789377234,4.14068150461698,0.005527443131884719,31.664210732731664,31.284609635137787,27.761139984633346,-0.03763579731064347,-0.00897784405537716,1.0505111984836901,80.66278839111328
CGCNN,cgcnn_emb,matbench_phonons,4,64,51.08568681258529,4.141212400407845,0.00538707632933355,31.672023078621013,31.227518876028732,26.90649860206579,-0.022672312353491646,0.007442781909824833,0.8711265171341512,104.77315521240234
CGCNN,cgcnn_emb,matbench_dielectric,0,64,55.168440556192856,4.149157831849141,0.005522889317005877,39.6993349727867,39.09405834697111,34.89249720839466,-0.003939958698672585,0.0024606537222880715,0.736545284689748,0.3254705965518951
CGCNN,cgcnn_emb,matbench_dielectric,1,64,55.409825815121884,4.1469231710885115,0.005319221749956215,39.16231983931946,38.592588683458196,34.28270935128875,0.0120276088293583,0.004915601073619141,0.8893836610155081,0.4483510851860046
CGCNN,cgcnn_emb,matbench_dielectric,2,64,55.11984096787922,4.150409809121353,0.005570784951106633,39.722201995711984,39.215204967803835,34.536870853141046,-0.017558738891143982,-0.0005621227718084733,0.7521718600771271,0.5703772306442261
CGCNN,cgcnn_emb,matbench_dielectric,3,64,55.24736748544728,4.148635033916006,0.00547355848535492,39.77608265401645,39.18620987270876,32.126589085535215,-0.001652320373589845,-0.0084811805471089,0.8415243801958588,0.4650889039039612
CGCNN,cgcnn_emb,matbench_dielectric,4,64,55.14289879157291,4.145457723753243,0.005363368300621699,39.19563763189533,38.669950761679985,34.03546084795559,0.028207686065197798,-0.002003661633464458,1.1935178293641433,0.5120862722396851
CGCNN,cgcnn_emb,matbench_log_gvrh,0,64,55.80978299499344,4.148741034743654,0.005516557123448635,41.70276553275072,41.08791890329632,35.810002050232214,-0.018100051515531238,0.004002522831984616,0.7309416421360705,0.1097190305590629
CGCNN,cgcnn_emb,matbench_log_gvrh,1,64,55.80350957331276,4.145582610313335,0.005357205605161918,41.70239467974714,41.10691643978792,35.89307046914802,0.025173237286144932,0.006225456781009929,0.9562760625829985,0.1145860999822616
CGCNN,cgcnn_emb,matbench_log_gvrh,2,64,55.624602613754085,4.147669498651746,0.005186453285518141,41.74388629155235,41.09297045092351,33.854653633019375,-0.018366342257734692,-0.003513790228727948,0.8453306868395917,0.1095109432935714
CGCNN,cgcnn_emb,matbench_log_gvrh,3,64,55.71030995698355,4.147911930643239,0.005356028255830996,41.73023896131153,41.000915194204026,34.84827495584752,0.04754584778178958,0.00804225060141899,0.898158458371483,0.1089983358979225
CGCNN,cgcnn_emb,matbench_log_gvrh,4,64,56.010712457619924,4.147711777963972,0.005501262333465376,41.716950318244955,41.16241462413745,35.603289723748034,-0.007022197947957711,0.004225407834961293,0.8378588516937784,0.1158714815974235
CGCNN,cgcnn_emb,matbench_log_kvrh,0,64,55.77404074002554,4.149160359918035,0.005599386294987312,41.74911209899609,41.09812299984173,34.393498184801935,0.01974162712568836,-0.003020138098776896,1.1298387532810983,0.0803012996912002
CGCNN,cgcnn_emb,matbench_log_kvrh,1,64,55.767837125401854,4.145620093634076,0.005474934510060323,41.754615634729724,41.11363125869839,34.7012551722149,-0.005199835515407166,-0.00019384711692077032,0.836922743698461,0.085229568183422
CGCNN,cgcnn_emb,matbench_log_kvrh,2,64,55.61342301012011,4.146893414018682,0.00524211186532169,41.71237461926084,41.105224617057196,35.41010152747559,0.03939132459492405,0.000241586516061451,0.7928722570146561,0.0819451212882995
CGCNN,cgcnn_emb,matbench_log_kvrh,3,64,55.85770427285537,4.149755662791167,0.005524756455708543,41.78506434739649,41.0433793559996,34.170358281753835,0.0061812385802589125,0.008690607109445947,1.002427051730288,0.0882604569196701
CGCNN,cgcnn_emb,matbench_log_kvrh,4,64,55.74916052723512,4.144092688945671,0.0053639710718315775,41.74234461225285,41.07554259917351,35.05851331831037,-0.00608127542425114,0.008512098195299548,0.7511550480661977,0.0848990306258201
CGCNN,cgcnn_emb,matbench_perovskites,0,64,47.08964479074859,4.142537845152065,0.005328037706588154,27.698001243418688,27.274081248783382,23.142124857390055,0.06608857418481838,-0.007611363885915468,1.008815573206029,0.0588425621390342
CGCNN,cgcnn_emb,matbench_perovskites,1,64,47.17793539507979,4.142152606025593,0.005651404464085093,27.678764467083038,27.423550762503645,21.20950397843372,0.0034081005566800426,-0.0010979502233947245,1.169230281632885,0.0568091832101345
CGCNN,cgcnn_emb,matbench_perovskites,2,64,47.13775369420228,4.138233508993842,0.005404271042472152,27.689876765832036,27.265015498046214,23.14073212836409,-0.04213583487349931,-0.0233334427745005,1.3038025198187102,0.058015838265419
CGCNN,cgcnn_emb,matbench_perovskites,3,64,46.848029242868705,4.139731195313415,0.005579174980081309,27.646113275336827,27.300612095616845,23.92437754248035,-0.014944378262632091,0.016192708370227526,0.8674711562606033,0.0559333488345146
CGCNN,cgcnn_emb,matbench_perovskites,4,64,47.75674257945922,4.139387612321431,0.005159454450720491,27.61930122730478,27.309529607918222,24.343630574303013,-0.039850667032007264,-0.006036708418510196,0.8031508267376828,0.0576393604278564
CGCNN,cgcnn_emb,matbench_mp_gap,0,64,56.44670991663904,4.146167537799184,0.005678779024862696,41.76028328865619,41.104108792798726,35.080941902630364,-0.006461628833969706,0.005585176567639931,0.7154444501980005,0.277986079454422
CGCNN,cgcnn_emb,matbench_mp_gap,1,64,56.61756628405974,4.149036865315722,0.0057070861844482415,41.76834572952926,41.197078542232056,35.413942540930094,0.02168586201158033,-0.04509656186700637,2.9356506964414777,0.2773669958114624
CGCNN,cgcnn_emb,matbench_mp_gap,2,64,56.465967557237775,4.148527438369168,0.005628883628614946,41.81267958963651,41.326510767891854,32.449669877662004,0.036923115395676255,-0.012224386810469971,0.9978469228008009,0.2711704075336456
CGCNN,cgcnn_emb,matbench_mp_gap,3,64,56.28797748153767,4.14678584339881,0.00560350623185756,41.71762747783049,41.10779345471259,36.200586074086075,0.014162224270845859,0.005124443645320097,0.7908754525497896,0.2797234356403351
CGCNN,cgcnn_emb,matbench_mp_gap,4,64,56.7087308965827,4.1464139304329795,0.005823206108242267,41.756036292027616,41.18821553021006,35.61700900591441,0.08792390726846272,0.002408589975161791,1.023806891291988,0.2651744186878204
CGCNN,cgcnn_emb,matbench_mp_e_form,0,64,56.02800720734597,4.145359133819672,0.005452993990839528,41.71686791570708,41.02770581290469,35.653055286148735,-0.01268911664226452,0.00403609662323737,0.7137880702495817,0.0991080775856971
CGCNN,cgcnn_emb,matbench_mp_e_form,1,64,55.93289953597837,4.147427020265152,0.005574944333827898,41.728886905860314,41.07894168190528,35.748656465232635,0.003945593666880964,0.0048682333820040165,0.8657801082013332,0.0939172208309173
CGCNN,cgcnn_emb,matbench_mp_e_form,2,64,56.07402488613033,4.148118156277641,0.005545599133717134,41.771910810176834,41.20061693165705,34.83846438430933,-0.007634404289171446,-0.004725945406816106,0.7176293919854865,0.1137887090444564
CGCNN,cgcnn_emb,matbench_mp_e_form,3,64,55.991120854359856,4.146918984870142,0.005137925240734182,41.74334684015205,41.1681537233228,32.75131817863462,-0.015928452524725006,0.007022808442439634,0.9972837611324034,0.1217539831995964
CGCNN,cgcnn_emb,matbench_mp_e_form,4,64,55.97962014138727,4.146227416871101,0.00537055624891503,41.723518350678134,41.09580327444269,34.08874194386477,0.016002291378687687,-0.004963127509133149,0.7875958905295362,0.144942045211792
CGCNN,cgcnn_hm,matbench_jdft2d,0,8,6.8876906823101836,1.8956734610695185,0.5128078618988873,41.233502402110034,33.01104148243808,5.598505555580737,0.2203397062681971,0.23786120636756047,2.8058081329350033,34.62640380859375
CGCNN,cgcnn_hm,matbench_jdft2d,1,8,7.092441621570684,2.010180812245954,1.0102100746989506,39.82162124391278,33.950083845440325,19.55798810167882,0.32072288292511836,0.24622911698883665,2.4419790780354567,49.55003356933594
CGCNN,cgcnn_hm,matbench_jdft2d,2,8,6.743733707774557,1.994588777998121,0.40788181518327277,41.14575561612647,36.19920038205431,6.722873343756963,0.2856147805039441,0.2444653280477957,2.65919592683503,70.81800079345703
CGCNN,cgcnn_hm,matbench_jdft2d,3,8,7.2503441406367415,2.0235033255205916,0.6960195882222256,38.8933489580295,32.635584574591675,17.565531358148856,0.24545348207249804,0.2150939906868314,2.3158495723097334,45.95347213745117
CGCNN,cgcnn_hm,matbench_jdft2d,4,8,7.332720421712857,2.0484829248754677,0.8105776998830212,39.412704955765555,31.524244753986395,24.52321423259922,0.26032785778197964,0.1666912504701582,2.2641101521335925,51.92833709716797
CGCNN,cgcnn_hm,matbench_phonons,0,8,7.428016931555749,2.0290880235625934,1.2544711338187624,32.797961682251376,28.252501386134266,14.538625485503367,0.15535815950899518,0.1363841362289997,1.9119789671218055,69.1773681640625
CGCNN,cgcnn_hm,matbench_phonons,1,8,7.148347377114439,2.0235629780758924,0.3592514350069243,35.12591905230507,29.560941980910762,9.762867035613146,0.31446701626052087,0.18949109827841498,2.8674054946596494,86.75726318359375
CGCNN,cgcnn_hm,matbench_phonons,2,8,7.168748067465172,2.038929018329953,0.7841418509038011,33.729575440830885,27.574029398407014,7.733455328327881,0.14057136822094313,0.17392449028380066,2.887348023698106,92.11444091796876
CGCNN,cgcnn_hm,matbench_phonons,3,8,6.580926885578128,1.995359652081525,0.8023741181450298,35.162398462919356,30.97322809757669,4.474649876924116,0.19457069920926467,0.18415882991461954,2.5256511523504246,76.37205505371094
CGCNN,cgcnn_hm,matbench_phonons,4,8,7.081429027964907,1.897680542259172,0.7432797672142718,35.179285278143915,29.990002206040266,6.453292868083129,0.07718950121764229,0.15463870347283407,2.524733795810873,66.24711608886719
CGCNN,cgcnn_hm,matbench_dielectric,0,8,7.035343007122389,1.999393997025393,1.399296697980379,41.89772361275324,31.875306416423633,15.898216259038293,0.37967450112532836,0.21593972523035015,2.3392591394873237,0.3953286409378052
CGCNN,cgcnn_hm,matbench_dielectric,1,8,6.681580677583249,2.0251902620586426,0.09140317040843346,41.04172996314966,32.60449292124256,12.996222668772948,0.41474662469551227,0.26090370734997104,2.937013187989994,0.506920576095581
CGCNN,cgcnn_hm,matbench_dielectric,2,8,6.988726066698171,2.0042382371205676,0.8177448687961295,42.131889533185316,33.56077864869514,18.28008887679779,0.5156192302816862,0.2148812851052627,2.431424672256964,0.5470923185348511
CGCNN,cgcnn_hm,matbench_dielectric,3,8,6.754587955636923,1.9768658307847549,0.02340112419585747,43.40682467734118,36.22886571143778,4.6919229466253025,0.4267785282700823,0.2375223635055928,3.308238124548627,0.4698018133640289
CGCNN,cgcnn_hm,matbench_dielectric,4,8,6.445538507064281,2.013295030492639,0.10211017850600511,41.30818279479947,34.68400206682201,17.94137250365559,0.18981778225437232,0.22082298178039475,2.2735609114198887,0.5180582404136658
CGCNN,cgcnn_hm,matbench_log_gvrh,0,8,6.781201548802198,1.9889571871101204,0.3962540294296842,43.98950779186767,34.776216846919205,17.144586681724768,0.33575693313641586,0.21533142742310138,2.6564026628237905,0.1070615798234939
CGCNN,cgcnn_hm,matbench_log_gvrh,1,8,6.978030789801811,1.9933966654642672,0.48393231516424223,44.44466939723537,37.36615614236124,8.649785108530587,0.3351223615172027,0.18025323712727392,2.881220461837812,0.1006390377879142
CGCNN,cgcnn_hm,matbench_log_gvrh,2,8,6.953844399242758,2.041777697576038,0.35993986110978526,44.1123045111806,36.581169669322826,18.594852701152263,0.3287099725526075,0.2702934076699474,2.5080386891072086,0.0968897566199302
CGCNN,cgcnn_hm,matbench_log_gvrh,3,8,6.519086063433833,2.0359796797495457,0.4238809737053312,43.103654289525224,31.591550571572185,21.137605328115452,0.33137731794258063,0.21986922231620876,2.383535811144657,0.1059889495372772
CGCNN,cgcnn_hm,matbench_log_gvrh,4,8,7.5167935981295,1.9967336317897195,0.33589722966497054,42.626677680950316,33.499350286414476,19.59308622925283,0.30554257804204715,0.24129846380518125,2.2813367121982737,0.1037453711032867
CGCNN,cgcnn_hm,matbench_log_kvrh,0,8,7.4494686906551575,2.0445858377866895,0.4240890580844175,44.99149219659493,38.598100188257504,17.330997171600995,0.41139281088498186,0.23256916459618254,2.3262636881949357,0.0724391490221023
CGCNN,cgcnn_hm,matbench_log_kvrh,1,8,6.877248279535952,1.8454984749184535,0.3601315125948521,46.40683380151751,38.32742760161268,12.183178494445867,0.4954435642451823,0.2769137124909522,3.583436416747905,0.075664184987545
CGCNN,cgcnn_hm,matbench_log_kvrh,2,8,6.968201463301335,2.011854068897537,0.35243237222035934,44.08537840740356,36.9359497748781,18.711417674734935,0.4234924295460473,0.2333505625814482,2.5954333436750967,0.0690421089529991
CGCNN,cgcnn_hm,matbench_log_kvrh,3,8,7.173350642425137,2.022114476793657,0.2984616837288343,44.1409123291963,37.06279861092475,18.962339531441703,0.3468631407937656,0.2627101755685055,2.5468941321242546,0.0740638002753257
CGCNN,cgcnn_hm,matbench_log_kvrh,4,8,6.5436357931536575,1.966376308000045,0.3431063566893889,44.72479753512835,37.26255988760532,16.603507803423636,0.44228775411105425,0.24079495395660416,2.3928367127364187,0.0736714676022529
CGCNN,cgcnn_hm,matbench_perovskites,0,8,5.909105593167952,1.8460238794687105,0.272421992117027,32.16518532491737,28.377617996031624,4.243175954372958,0.28400751935160123,0.1988856871792611,3.839052810664128,0.0619578845798969
CGCNN,cgcnn_hm,matbench_perovskites,1,8,6.355495275975094,1.8190791442145782,0.23057144997083664,30.540359704697902,24.814165879469563,8.615154031316926,0.26795471777039925,0.2047973050852738,3.203692212260242,0.0616848058998584
CGCNN,cgcnn_hm,matbench_perovskites,2,8,6.0204541106974405,1.9998546964792872,0.3016776344908875,30.263152300845224,24.32983472732483,6.875842521462383,0.273703100203033,0.22458697725057167,4.534474287140792,0.0613073632121086
CGCNN,cgcnn_hm,matbench_perovskites,3,8,5.444566687615847,1.785930735736286,0.26308445010902964,31.643423455318697,26.406621429354704,6.2474261582954576,0.3280947474998668,0.288252433159457,4.370774605127105,0.0585941709578037
CGCNN,cgcnn_hm,matbench_perovskites,4,8,6.465399941693883,1.86534170746714,0.2302785963761846,31.256464854734848,24.742418482790942,5.846651869998047,0.2863467629329428,0.251545254660268,3.0634204530320406,0.0592218823730945
CGCNN,cgcnn_hm,matbench_mp_gap,0,8,6.75830346953601,2.029275705374973,0.09068486504613957,43.95345709191348,35.15655538939116,18.009323474480553,0.21823370573706505,0.22679938903022526,2.895211695336979,0.3540787398815155
CGCNN,cgcnn_hm,matbench_mp_gap,1,8,7.063845119461085,2.044200000211208,0.07408445353511028,43.746586215511314,37.255721014325694,23.532213252428573,0.3700735832338098,0.1601488694624084,2.0052782267591955,0.3522793054580688
CGCNN,cgcnn_hm,matbench_mp_gap,2,8,6.485797641191683,2.0606842692430676,0.06441471580911064,44.50846019298869,37.318832180571896,15.715683233934866,0.2628676714253523,0.25930419195558424,2.5479215753267326,0.3446912765502929
CGCNN,cgcnn_hm,matbench_mp_gap,3,8,6.477774572912809,2.0552342726158193,0.07186565560761903,43.71566637908107,34.9198309497753,23.218897199184553,0.32215709830475564,0.1874165720338523,2.4228223380426313,0.3397110104560852
CGCNN,cgcnn_hm,matbench_mp_gap,4,8,6.870177879685035,2.009772315851221,0.08667267935294558,44.0663594546509,37.688055862133645,18.96593124880794,0.30936978424277867,0.1782710143256304,2.4249357992638734,0.3315293788909912
CGCNN,cgcnn_hm,matbench_mp_e_form,0,8,6.369696296293435,1.9158355517505823,0.2686735139126642,45.58417441869443,34.50138955599235,7.123707632972713,0.43348977345153256,0.33341875714374586,3.285598796464462,0.1269436776638031
CGCNN,cgcnn_hm,matbench_mp_e_form,1,8,6.063359705195399,1.8992799521860415,0.09014008762313605,46.03425853349151,34.50023269740775,5.99445726262493,0.35591284826306435,0.300093954038607,2.8850167824051516,0.107860043644905
CGCNN,cgcnn_hm,matbench_mp_e_form,2,8,6.130046921030089,2.0296784491322515,0.3204107304354343,44.01676844463262,32.77339146380638,13.828285095193806,0.34694482003734467,0.3316001242498078,3.4983161271545034,0.1510017067193985
CGCNN,cgcnn_hm,matbench_mp_e_form,3,8,6.448278489572365,2.056492536519378,0.377495215684183,44.20497755675704,32.1325699943097,15.16090187812022,0.34469060161143694,0.32032625616891997,3.1801560354087606,0.1471763551235199
CGCNN,cgcnn_hm,matbench_mp_e_form,4,8,7.008147413191318,2.0262087895095906,0.347617471995332,44.00645037518186,32.60521182151177,17.08017622149063,0.37669494311830076,0.3445574726203832,2.679124635696984,0.1378932893276214
CGCNN,cgcnn_hm,matbench_jdft2d,0,16,13.074361242896071,2.726476553506679,0.6438120791439657,39.21847134825384,34.43309493788483,26.51673766022049,0.1630975095400683,0.14353437249260073,1.7251767236911044,40.54061126708984
CGCNN,cgcnn_hm,matbench_jdft2d,1,16,13.550383024163063,2.6912143879457124,0.5183262645602446,38.64008907926199,32.64714063571011,25.78684285311235,0.21648787202734135,0.15044522138826033,1.9126354654939937,51.97197341918945
CGCNN,cgcnn_hm,matbench_jdft2d,2,16,13.839740387494677,2.745571927292809,0.638143931632832,38.71537968943437,34.25129660531017,20.74009556818857,0.30230293117880663,0.18675398033495158,1.9772168440544746,72.80427551269531
CGCNN,cgcnn_hm,matbench_jdft2d,3,16,13.169546825749322,2.7240472375555527,0.801449438934577,38.03125957323026,33.11711045657652,21.754325257197653,0.22293435535001913,0.10529370322099771,1.6889417971148677,43.3223876953125
CGCNN,cgcnn_hm,matbench_jdft2d,4,16,13.437653618215887,2.724068263445286,0.6360869635603547,38.90585889947857,32.512582234315886,26.07825618225956,0.31446095114485967,0.15802693298031678,1.906168919031728,54.86333465576172
CGCNN,cgcnn_hm,matbench_phonons,0,16,13.918535917099383,2.7117975983115574,0.6227134602127263,32.871709757586316,29.58326876199655,12.682903597487227,0.49350944658083934,0.14990233168442496,1.9609442430426622,69.75373077392578
CGCNN,cgcnn_hm,matbench_phonons,1,16,13.857223396978997,2.721131979890224,0.5608960684117675,33.87095524511352,30.379149748295497,9.218736335068222,0.12228417341965929,0.09194753593162486,1.6410636006432855,58.97786712646485
CGCNN,cgcnn_hm,matbench_phonons,2,16,13.796797074404896,2.7132356150853814,0.605348460216129,32.39454389349888,28.420435270569662,12.139985141023578,0.29105754515367077,0.1418020113155098,1.6692549477537366,75.14537048339844
CGCNN,cgcnn_hm,matbench_phonons,3,16,13.325078976903603,2.6849567994478396,0.6582660733557305,33.19549623798785,29.26795842409323,13.396897400594327,0.25084124422072057,0.13177885530191497,1.8847418102359166,58.6123161315918
CGCNN,cgcnn_hm,matbench_phonons,4,16,13.627285830963023,2.7070318958202098,0.5320071330711177,33.545231543186055,29.49314625982801,13.016968485160985,0.3048298006536572,0.1426252184538904,1.8698961976319584,70.89582824707031
CGCNN,cgcnn_hm,matbench_dielectric,0,16,11.762364110768113,2.6959771163121284,0.1452601510669773,42.415984776304036,35.79003058912074,10.444416371666009,0.5035283865792364,0.22320754706723997,2.912911531747181,0.3584359884262085
CGCNN,cgcnn_hm,matbench_dielectric,1,16,12.313513063330788,2.6920929585202398,0.13117280192302527,40.834924789531634,32.74754886248866,20.505086571905853,0.24414253785690967,0.18875216815733062,1.9549177167768326,0.4826428294181824
CGCNN,cgcnn_hm,matbench_dielectric,2,16,11.955282311951809,2.6786611781948926,0.12073612122737731,41.25725149453908,34.36686492789538,25.02856354203587,0.36321583345506575,0.1655582162303662,1.912002398503844,0.5978925824165344
CGCNN,cgcnn_hm,matbench_dielectric,3,16,10.661093643477091,2.7266919898704787,0.09284354673647031,42.04441893216546,33.66994618001064,11.10400468977338,0.36301821807841733,0.24745630701490642,3.1336414066989806,0.4534205496311188
CGCNN,cgcnn_hm,matbench_dielectric,4,16,12.371186495790182,2.6212293786434984,0.07901553204121102,40.76305672288197,33.61032719780144,14.64649990368294,0.2994050298188365,0.20126302281985559,1.934276778786114,0.5424823760986328
CGCNN,cgcnn_hm,matbench_log_gvrh,0,16,14.023365169360032,2.6931414863744227,0.3344354800668337,42.590339140462085,35.095457630902075,26.740302103493693,0.37711491310060824,0.21282727814214386,1.7309248646903665,0.0921673476696014
CGCNN,cgcnn_hm,matbench_log_gvrh,1,16,13.013215313274829,2.7508328341087056,0.33072957934887703,42.51049966172859,33.73514631289999,25.78650132688345,0.4446641545100673,0.25163799295187506,2.152995240497898,0.1005244925618171
CGCNN,cgcnn_hm,matbench_log_gvrh,2,16,13.876699283681308,2.7345570169965985,0.345174399185721,42.725629925683045,36.273648422901346,24.958323511001907,0.33821578522682205,0.20367158203242317,1.70233666198376,0.0958474725484848
CGCNN,cgcnn_hm,matbench_log_gvrh,3,16,13.422179895324584,2.728963587533362,0.3512425592991957,42.6049170780078,35.17591023683937,25.728264789493345,0.3111169619237472,0.24345292429668378,1.7941684423381303,0.0940549746155738
CGCNN,cgcnn_hm,matbench_log_gvrh,4,16,13.634717432479727,2.709135571055166,0.3101312837735158,42.52487515181381,34.05978879821553,25.192443643685614,0.3497394759530682,0.2431178621291361,1.9237898766768926,0.1075275316834449
CGCNN,cgcnn_hm,matbench_log_kvrh,0,16,14.08679973826331,2.712701442398962,0.3250820236329497,42.94547965011302,35.986101216698245,24.076440328793485,0.4278013191825733,0.22309141990565046,2.041407381875534,0.0704919695854187
CGCNN,cgcnn_hm,matbench_log_kvrh,1,16,13.294265839558102,2.7180151449087813,0.29680920084042345,42.68527432943206,36.06234354719992,24.854348473046414,0.3843624545975913,0.23052271881718664,1.951260063302712,0.0748661309480667
CGCNN,cgcnn_hm,matbench_log_kvrh,2,16,13.252151535512596,2.724171612409748,0.3296700997007699,42.64614077674573,34.30009311957365,24.08325680929204,0.43177752898634647,0.16418267317932267,1.8435908985950225,0.0701177641749382
CGCNN,cgcnn_hm,matbench_log_kvrh,3,16,13.200165283425584,2.713191978266594,0.27155171723231314,43.01939327798176,36.04382990397694,25.71786968877298,0.34299649205169336,0.2312975028987808,1.9849492903102233,0.0736240297555923
CGCNN,cgcnn_hm,matbench_log_kvrh,4,16,13.593964509299877,2.68423918803681,0.28405174601058175,42.92297013322769,35.583289780780255,22.719410403471024,0.4013766599544623,0.24458372981557083,1.9047752161197233,0.0706951394677162
CGCNN,cgcnn_hm,matbench_perovskites,0,16,13.557405734794497,2.665417002210363,0.284992600163678,28.880617701950616,24.81165606938607,14.415952059012227,0.3006374705477043,0.15334676099307162,2.612816598587253,0.0519548393785953
CGCNN,cgcnn_hm,matbench_perovskites,1,16,13.37539896689128,2.6923169197103096,0.2664852101861535,29.28707680849988,25.24293599247175,13.231385517178646,0.38312283075690556,0.22456031948194782,2.2077072854031217,0.0515357255935668
CGCNN,cgcnn_hm,matbench_perovskites,2,16,12.972746793189557,2.713663115496715,0.2708978810013509,28.54844307746671,24.436689159499302,16.512416814582185,0.22767748948392655,0.20872376983718213,2.346691697684177,0.0495026372373104
CGCNN,cgcnn_hm,matbench_perovskites,3,16,12.838214661205647,2.690446524616689,0.2820063778007323,29.051653535225086,24.769935348218418,13.744561677480375,0.24427984196830377,0.17603610858410987,1.9746243667364156,0.0523381009697914
CGCNN,cgcnn_hm,matbench_perovskites,4,16,12.52267534539384,2.706378860530945,0.315702320989166,28.882447845813243,25.518471093183372,16.18207982088124,0.35525515670395647,0.20179166245008515,2.3442549091570464,0.0497995354235172
CGCNN,cgcnn_hm,matbench_mp_gap,0,16,13.616275005982775,2.735860284913544,0.062460820911917674,42.82096546468464,38.52497005379689,28.14531932036419,0.3903183077108337,0.17205473799154405,1.746826040104577,0.3028705418109894
CGCNN,cgcnn_hm,matbench_mp_gap,1,16,13.469986311730976,2.725436901962693,0.05363782883959617,42.54275768786951,37.20331334492428,28.14403323255454,0.3608949808506349,0.21686332201528197,1.750777858787885,0.287204384803772
CGCNN,cgcnn_hm,matbench_mp_gap,2,16,13.53341384935196,2.7444876527765354,0.058793660710209715,43.46443375556919,39.29088744386218,18.1571201183631,0.47893693079187033,0.1763282472254358,2.4270920195281893,0.2875267565250397
CGCNN,cgcnn_hm,matbench_mp_gap,3,16,13.421317404298765,2.679583379823648,0.057043887317638146,43.38672429877146,38.71712254354804,23.16561225275767,0.2894162907573726,0.1641257657400328,1.8143705280804,0.2895867228507995
CGCNN,cgcnn_hm,matbench_mp_gap,4,16,13.233355721684193,2.7346833502449526,0.06269955564068089,42.99138227778203,37.71312355392987,23.788032362952116,0.500510332577776,0.20691228407281567,1.849667007501296,0.302773118019104
CGCNN,cgcnn_hm,matbench_mp_e_form,0,16,12.237265678350617,2.7143744522405653,0.3158236804573437,43.263695573278675,33.17337159927235,20.863233658588822,0.45472357754811943,0.29452563532215553,2.297344154592005,0.101807877421379
CGCNN,cgcnn_hm,matbench_mp_e_form,1,16,13.031914274288392,2.695570302454542,0.4147687420523678,43.040872611905314,32.62534609944594,22.9294591236395,0.34760543156696005,0.2814513645295055,2.299586537701177,0.1303154528141021
CGCNN,cgcnn_hm,matbench_mp_e_form,2,16,12.659823378477645,2.688757385329869,0.3113816224913957,42.994206106460695,32.96683400622542,22.451547350529733,0.3627946452683153,0.2979970538712572,2.3335456797859124,0.1175514012575149
CGCNN,cgcnn_hm,matbench_mp_e_form,3,16,11.6142204811773,2.704714624702663,0.31631994737998637,43.101818485330874,33.95632750142046,21.69171701808957,0.38353663909764973,0.24773119056838128,2.4815855991629965,0.115722045302391
CGCNN,cgcnn_hm,matbench_mp_e_form,4,16,12.531592233589851,2.6615455991078045,0.2619859016797292,43.097142254001554,32.10332620006565,22.494138972315746,0.3515704154002026,0.2984080014800119,2.43230789349384,0.1036972925066948
CGCNN,cgcnn_hm,matbench_jdft2d,0,32,23.598025465819454,3.3926159126246223,0.3988824682973501,38.43128032116595,33.030057917948064,31.352984001784538,0.27115563668822484,0.13716999091931859,1.592442279377004,37.70469284057617
CGCNN,cgcnn_hm,matbench_jdft2d,1,32,23.17534757219769,3.4045837051357286,0.3205443562019564,38.181929554005194,32.904921821568436,25.79744841266984,0.24419779374337017,0.17376569605329237,1.7407890083212567,54.598262786865234
CGCNN,cgcnn_hm,matbench_jdft2d,2,32,23.646177994569534,3.420573458844878,0.36231215573539066,38.10278733088012,33.841833305310296,28.032710587176336,0.2800280651139208,0.16016613476319766,1.5539092596810489,74.50220489501953
CGCNN,cgcnn_hm,matbench_jdft2d,3,32,24.3025132059835,3.4065816673746654,0.3945707891024963,37.538919911522356,33.3536715184394,25.21676702241408,0.36038234695952814,0.17331956198156198,1.5502041708830974,38.75045394897461
CGCNN,cgcnn_hm,matbench_jdft2d,4,32,24.10372943074342,3.4184291690220556,0.3916547339583,38.61316950283888,34.12862227491549,29.510882513801036,0.32476881689783443,0.1692031737538287,1.565206418303796,52.909271240234375
CGCNN,cgcnn_hm,matbench_phonons,0,32,23.83166101952972,3.418992775988101,0.35349387329498433,31.9129095435822,29.168875768515687,17.522840534882924,0.2985777613594385,0.09453762297811721,1.5514094538879384,87.29473876953125
CGCNN,cgcnn_hm,matbench_phonons,1,32,24.33124097946865,3.3901229180411634,0.3671302810952422,32.521202315905064,30.03356385925847,15.859127827210685,0.33391370174110524,0.10603902109883726,1.5613676093783484,64.32543182373047
CGCNN,cgcnn_hm,matbench_phonons,2,32,24.390658113371913,3.4186167951404327,0.3257729351072339,31.999786686771383,29.464868567064485,15.699184537853464,0.2581930268908769,0.0974466845766926,1.314764150422442,72.41483306884766
CGCNN,cgcnn_hm,matbench_phonons,3,32,23.703570145805095,3.409431671099295,0.34044683541978754,32.391689232938155,29.04284622152053,16.710050636058956,0.30979212174692955,0.10337641986505872,1.4073151766937066,59.64535903930664
CGCNN,cgcnn_hm,matbench_phonons,4,32,23.03247286675219,3.4272975396449743,0.34437957495425336,32.30381886943219,29.19690075213159,16.737971457641926,0.2806284085813069,0.10372632754184194,1.4246761843315152,62.81674957275391
CGCNN,cgcnn_hm,matbench_dielectric,0,32,23.07631294872972,3.3873634724529635,0.2537334311051482,40.296667003862034,34.88123016257547,23.836205335881072,0.34790831726624105,0.18964009290086242,1.5848701714614188,0.3764285445213318
CGCNN,cgcnn_hm,matbench_dielectric,1,32,20.83539274036815,3.4113385024005742,0.07108192590762213,39.88961378685291,34.65945416465579,26.0549891630013,0.36832710443485533,0.19323739646588173,1.595047991104597,0.4488938748836517
CGCNN,cgcnn_hm,matbench_dielectric,2,32,18.843153496932587,3.3644760734871664,0.058689170232016995,41.34231868714747,34.92964499760828,19.66110626516864,0.28122955688730816,0.16283728138461245,2.3088333223828448,0.5643787980079651
CGCNN,cgcnn_hm,matbench_dielectric,3,32,17.262094261752004,3.3710063804110666,0.0299360678364485,42.76688059716184,36.121046642744766,6.38584093661524,0.2586212214002793,0.21392262583908792,2.861318575616598,0.4551479816436767
CGCNN,cgcnn_hm,matbench_dielectric,4,32,20.73082270859446,3.345124512480159,0.06688189824790922,40.525944165506054,35.670637501030924,20.308021722848423,0.35109680584566666,0.18785157739477817,1.8090696699470368,0.4462446868419647
CGCNN,cgcnn_hm,matbench_log_gvrh,0,32,24.869717576174097,3.4095457397906697,0.266459521494009,42.02066291631385,35.641208069270064,29.23717644884336,0.351942221354675,0.19010428525062362,1.429366457685404,0.0901184454560279
CGCNN,cgcnn_hm,matbench_log_gvrh,1,32,24.75875818343131,3.4260338921509375,0.2531083386920114,42.0598771948777,35.71691403633701,29.067995097179377,0.4635611515614734,0.13055309628149128,1.5100974130875426,0.1001877337694168
CGCNN,cgcnn_hm,matbench_log_gvrh,2,32,24.26948348369389,3.3995060189210813,0.28873792106517,42.072075052417105,34.6365079561944,28.37538016691809,0.36543854931038455,0.21375922136105813,1.645366020366716,0.0954529345035553
CGCNN,cgcnn_hm,matbench_log_gvrh,3,32,24.887096948014733,3.4073103068821537,0.2596944328380143,41.939773643094505,35.089852163542915,32.68995366221177,0.47656786190642686,0.19882933814125156,1.5795163287704022,0.089715652167797
CGCNN,cgcnn_hm,matbench_log_gvrh,4,32,24.671180194005107,3.4106975633949963,0.2741437597505898,41.97540537923326,34.755092401884774,32.019626581993975,0.33545155402794985,0.19486585802330628,1.5699235840802295,0.1015736013650894
CGCNN,cgcnn_hm,matbench_log_kvrh,0,32,24.75189826575253,3.41939730309549,0.2692730040832805,42.20908078757615,35.6981806094457,30.782562417813566,0.3257967190687334,0.20063083539686521,1.7930044695175489,0.0680769085884094
CGCNN,cgcnn_hm,matbench_log_kvrh,1,32,24.50428859429369,3.4044680324968657,0.25445833358954983,42.193434767969435,36.35654920257428,26.97304381602746,0.3031667980431165,0.1786485396367975,1.6737063165186084,0.0768155977129936
CGCNN,cgcnn_hm,matbench_log_kvrh,2,32,24.113067669810725,3.4064801077328286,0.2635699985115211,42.48157686406323,36.153927974948985,28.164751745895135,0.34356015741412904,0.18139463030505792,1.6854863780793372,0.0709826275706291
CGCNN,cgcnn_hm,matbench_log_kvrh,3,32,24.313878709356903,3.402965609768077,0.2392299514377267,42.25584584488911,36.32404465340363,29.406002976029804,0.39013933547695606,0.19178772718979764,1.5920687066855754,0.0738107189536094
CGCNN,cgcnn_hm,matbench_log_kvrh,4,32,24.62143973143735,3.4032009455558723,0.26497237716199123,42.26313779258853,36.332711310272,26.64745511979366,0.5439845164512705,0.192232450365109,1.704669781499406,0.0740114077925682
CGCNN,cgcnn_hm,matbench_perovskites,0,32,23.76125030381608,3.4164493697370375,0.23928800907150893,28.138437281319803,25.641510678896452,19.22319690737897,0.24817300783372181,0.1580226611403623,1.6239295330389043,0.0495476648211479
CGCNN,cgcnn_hm,matbench_perovskites,1,32,23.344600915625616,3.394593150776387,0.254865844808984,28.230549673484955,25.604857769305973,19.25673853398502,0.21224476555735491,0.14875001940317972,1.5572104300447387,0.0476473048329353
CGCNN,cgcnn_hm,matbench_perovskites,2,32,23.47917370025631,3.4074319188067745,0.26039578729996,28.31443096537617,25.60062716187702,18.145376620507918,0.274594359357305,0.1633428150652967,1.678664860456637,0.0466151684522628
CGCNN,cgcnn_hm,matbench_perovskites,3,32,23.90206284576421,3.4061487342631285,0.23356707434094232,28.393375884520655,25.635287816000485,17.00367692814367,0.2264073834417464,0.139767732002479,2.07285777088301,0.0464304350316524
CGCNN,cgcnn_hm,matbench_perovskites,4,32,23.80692203019633,3.390497872469129,0.24715970443893487,28.355992472927422,25.864724002645218,18.600584884907395,0.29985403017356344,0.16222548315917845,1.8939246106159446,0.0474678054451942
CGCNN,cgcnn_hm,matbench_mp_gap,0,32,24.01226541407599,3.4300495904768207,0.03185854309158734,42.45704326230365,39.29072909364023,31.717821808215298,0.22005595493494925,0.14134935361879827,1.5900016631403235,0.2631641626358032
CGCNN,cgcnn_hm,matbench_mp_gap,1,32,23.296816218726686,3.4261913874734855,0.0359547109900912,42.52282354280967,38.70348388591876,31.78226480209434,0.2873051507426151,0.14907086678734988,1.4484414336609226,0.2607309818267822
CGCNN,cgcnn_hm,matbench_mp_gap,2,32,23.345059808619613,3.435306588542204,0.032467106164180366,42.52601643016019,39.10907157190881,29.94889498523585,0.17446670556960384,0.11725587748729534,1.4335050950555863,0.2616067826747894
CGCNN,cgcnn_hm,matbench_mp_gap,3,32,25.270230846951254,3.4371366607985276,0.03434908550598959,42.240870375280245,38.99053736587328,32.016423321572724,0.2507250520812058,0.11037820222616125,1.3534747994652983,0.2707482874393463
CGCNN,cgcnn_hm,matbench_mp_gap,4,32,24.237710556377035,3.421651982385777,0.03608151538202133,42.4625172804361,38.76720927276152,30.198774652054084,0.2646080227298217,0.12355808611710341,1.3800318372756064,0.2766726016998291
CGCNN,cgcnn_hm,matbench_mp_e_form,0,32,21.91652488435428,3.3572798830286823,0.22092760966388134,42.62441740808672,32.87690037545025,25.689642508936053,0.37873469952573247,0.22326328741943707,1.9784378260971507,0.1076112389564514
CGCNN,cgcnn_hm,matbench_mp_e_form,1,32,22.93943140556242,3.390838991246843,0.2173625771321466,42.57935316683759,33.81233613933947,24.704146225223138,0.2617085074083832,0.23692033104823657,1.784338771538588,0.1038245782256126
CGCNN,cgcnn_hm,matbench_mp_e_form,2,32,22.991798549503347,3.396657011224555,0.2570774578830747,42.506443874357984,33.714879786335146,25.412247571512584,0.33573050239082736,0.22768229023403241,1.841565451631417,0.0901093333959579
CGCNN,cgcnn_hm,matbench_mp_e_form,3,32,22.72581727591138,3.3626996075703612,0.26238711478891313,42.39306097821569,33.17074748105844,28.892643797423773,0.42775492419873645,0.22025078924804048,1.9711524229171486,0.1211792975664138
CGCNN,cgcnn_hm,matbench_mp_e_form,4,32,22.546605276667204,3.4026849798506067,0.2825758757628054,42.471575574697454,33.409882846746015,26.247823399870747,0.35631742619111606,0.18311007822423228,1.7919718040347123,0.0904845893383026
CGCNN,cgcnn_hm,matbench_jdft2d,0,64,34.48255996469578,4.117210918768169,0.21265477204014252,38.28965048672286,33.18091914106046,33.004335727731046,0.2575147149952283,0.13293967885031133,1.405793303592783,33.92523956298828
CGCNN,cgcnn_hm,matbench_jdft2d,1,64,35.85877195557357,4.117469594510158,0.2234825264514574,37.91429478438094,33.850333092697134,30.144375517532506,0.21580769046555479,0.13224748010827395,1.4407345794057556,52.0474739074707
CGCNN,cgcnn_hm,matbench_jdft2d,2,64,34.005198722295084,4.119792313977227,0.2063043890932891,37.944942982136034,33.868992524531244,30.09848858743682,0.482592395641818,0.17846874415519257,1.6677156766031656,72.41779327392578
CGCNN,cgcnn_hm,matbench_jdft2d,3,64,34.36923790071116,4.123974675839188,0.20807749585110702,37.45897335471061,33.557508256920464,28.4925188770742,0.37536868577105775,0.171349745942372,1.5410250461511537,38.30324172973633
CGCNN,cgcnn_hm,matbench_jdft2d,4,64,35.33290082452668,4.104191747802247,0.21378705656220565,38.44429272856434,33.40547201557272,31.103626987274115,0.3716252367402328,0.13913228337148598,1.4395324167060184,58.40584182739258
CGCNN,cgcnn_hm,matbench_phonons,0,64,33.093583750660216,4.127895202980646,0.19339095993811467,31.452276116329088,28.761162879313023,21.540016577292096,0.2515888552197581,0.10554233951968736,1.3729678739171163,97.8459701538086
CGCNN,cgcnn_hm,matbench_phonons,1,64,33.16004808417402,4.1228363233932654,0.20008922889687297,32.01904874681786,29.63347020590692,20.790000160381457,0.2596460134601106,0.09885640855781674,1.3781158374639983,64.89634704589844
CGCNN,cgcnn_hm,matbench_phonons,2,64,33.48625778096185,4.12421573220697,0.1986192848106169,31.471024647226677,29.236554972363678,19.792279554648157,0.2584964905799778,0.08070698706364851,1.290625154801736,78.0185546875
CGCNN,cgcnn_hm,matbench_phonons,3,64,32.998569618199284,4.109227791918826,0.18627713366258206,32.1524227321951,29.392455530617404,20.69080950180892,0.3028946128699161,0.11432083293835299,1.5239548752023737,63.44304656982422
CGCNN,cgcnn_hm,matbench_phonons,4,64,33.699995544737526,4.129326775822951,0.19407957948064739,32.08297305190295,30.01230575240488,19.173774347650447,0.17688118432154637,0.08153203576027218,1.2774464233967777,71.51718139648438
CGCNN,cgcnn_hm,matbench_dielectric,0,64,33.99003238401224,4.103336135422376,0.15421078715167963,39.97304717748136,34.24759248963049,32.10927567475351,0.2582272876478087,0.15702079771425553,1.4108117112730671,0.3491156101226806
CGCNN,cgcnn_hm,matbench_dielectric,1,64,28.717882304923602,4.090867654093034,0.055543758934405635,40.14467087593292,34.183185158823335,17.383707347217822,0.39409931428969136,0.20641262834038887,1.6715394001727955,0.5096032619476318
CGCNN,cgcnn_hm,matbench_dielectric,2,64,30.720742017087794,4.092887026603696,0.07287716041014936,40.3590041119544,34.9002982466655,26.666694784284193,0.3626229894812623,0.17368467975974552,1.5985323408993248,0.5244090557098389
CGCNN,cgcnn_hm,matbench_dielectric,3,64,25.47306239670874,4.038303727449089,0.024039955619047017,41.61030038072017,36.054166368376,15.963215617086595,0.2892650376189766,0.1814390531888638,2.18045146727283,0.4297001361846924
CGCNN,cgcnn_hm,matbench_dielectric,4,64,30.98676129774446,4.0783109821362125,0.077089108425683,39.88602846307918,34.76931249148061,27.064436580897166,0.39202675360387135,0.189327311548052,1.6723351132934683,0.492297887802124
CGCNN,cgcnn_hm,matbench_log_gvrh,0,64,34.47269099450089,4.094042243678408,0.20054287372665086,41.86236867468022,34.7025244938913,35.022014691316095,0.4000999577101995,0.21204959344005175,1.5380923239207558,0.1008956581354141
CGCNN,cgcnn_hm,matbench_log_gvrh,1,64,36.21348135289833,4.107764698144656,0.1983787388304982,41.84663237148033,36.147317741191245,35.46026381493509,0.3756730396675885,0.1805210405852272,1.3174067082319332,0.1054700314998626
CGCNN,cgcnn_hm,matbench_log_gvrh,2,64,36.954729031409066,4.128984625718344,0.21643323600603806,41.82467049455824,37.07414138636278,35.800578405207226,0.39610885556940145,0.13313097869597407,1.1848377836265802,0.0936792120337486
CGCNN,cgcnn_hm,matbench_log_gvrh,3,64,35.92297170227802,4.098399398990851,0.20455825751012655,41.84840053029203,36.12157269518833,33.59715064568708,0.4095952371747787,0.17050483909597555,1.3545856257604296,0.0934744924306869
CGCNN,cgcnn_hm,matbench_log_gvrh,4,64,36.165518471408106,4.1095909851162515,0.19375728797453035,41.884886813094475,36.198568297735065,34.295348282922355,0.3637479595168136,0.16145716695827828,1.3251363553268625,0.0962209850549697
CGCNN,cgcnn_hm,matbench_log_kvrh,0,64,36.28413791480243,4.122156285693965,0.20263820420088652,41.95166791519005,37.223894835259124,34.941675448874406,0.41047516054525307,0.16199451400037687,1.267000935719706,0.0692549422383308
CGCNN,cgcnn_hm,matbench_log_kvrh,1,64,35.34825120999625,4.103097577325245,0.19574268296787298,41.9628610196859,36.59089968284258,34.40823524683916,0.38762831975627526,0.15290120742792818,1.2623949516144424,0.0744673013687133
CGCNN,cgcnn_hm,matbench_log_kvrh,2,64,36.42991828738856,4.1247315455184745,0.1999571669399974,41.97612874993281,36.70759230700726,32.812238327490945,0.3365022234393542,0.15503122434669325,1.3516222627882506,0.0680357813835144
CGCNN,cgcnn_hm,matbench_log_kvrh,3,64,36.06925397310217,4.1022543639700375,0.18348635782510245,41.92969705227758,36.657649171367,34.065472538362336,0.4050059626696681,0.14863569924871411,1.3191602367249395,0.0749115273356437
CGCNN,cgcnn_hm,matbench_log_kvrh,4,64,35.00980503709565,4.101103316266048,0.1928612371374236,41.92259112443062,35.97152170172475,34.337097930537176,0.34891285036830527,0.11395195060495865,1.5043287974196344,0.0741051062941551
CGCNN,cgcnn_hm,matbench_perovskites,0,64,32.52146263472362,4.110087666600268,0.18342227564488447,27.958377643015247,25.754283871832435,20.489015126323885,0.198283402580363,0.11006627747273807,1.392317533779335,0.0479119978845119
CGCNN,cgcnn_hm,matbench_perovskites,1,64,31.930299567864527,4.104581800017709,0.17901803420674783,27.964080446893384,25.983422923343866,21.268998420348066,0.24922479948724166,0.10934733305427803,1.586356566845548,0.0478617772459983
CGCNN,cgcnn_hm,matbench_perovskites,2,64,31.682661781942294,4.114690973836063,0.18939715355707287,27.998128656447694,26.025992591251654,20.05359891493919,0.3058301469984,0.14802122513209476,1.7657336137587105,0.0452310629189014
CGCNN,cgcnn_hm,matbench_perovskites,3,64,31.690528646203315,4.118325006078067,0.17713351837260471,27.95455161456685,26.002897295400828,21.761116427375146,0.24166420039244849,0.10899960036482757,1.382639943321789,0.0453768968582153
CGCNN,cgcnn_hm,matbench_perovskites,4,64,30.732737089874426,4.128561020194653,0.18083601069538485,27.92156305653215,25.910721433736015,20.490418913222083,0.22760751427546827,0.09269775218946423,1.2736042826814642,0.0457403883337974
CGCNN,cgcnn_hm,matbench_mp_gap,0,64,29.561076273894866,4.127075325720924,0.03807754594445627,42.21947807567695,39.183099238785886,33.66115098269287,0.22284035259549462,0.10859187160977504,1.3430318978796432,0.2516930103302002
CGCNN,cgcnn_hm,matbench_mp_gap,1,64,29.90161216022541,4.123308162497047,0.037433459617518476,42.2268413163281,39.288621939702374,32.86983451048446,0.17618953342572427,0.07813616181510212,1.2971429537361903,0.2531798481941223
CGCNN,cgcnn_hm,matbench_mp_gap,2,64,28.536047378078532,4.1216537724944065,0.038398228067640136,42.22478076359891,39.43062385230011,32.56352435854092,0.33303084106003816,0.1039950464440365,1.3532119846414605,0.2520661652088165
CGCNN,cgcnn_hm,matbench_mp_gap,3,64,30.8700279903835,4.116117297455156,0.03742683614134705,42.31698560803344,39.39471643933381,32.461661198989795,0.19026240332659333,0.08378223956049083,1.3733910906188418,0.2536015510559082
CGCNN,cgcnn_hm,matbench_mp_gap,4,64,27.834989554625167,4.114176891215141,0.042025650142123526,42.290859821784686,39.59387576938905,33.00311312471416,0.3247457627118644,0.10727576827586476,1.305302213917082,0.2613639235496521
CGCNN,cgcnn_hm,matbench_mp_e_form,0,64,33.31484393257939,4.01920555597891,0.1827551405488722,42.24383238519077,33.741223835838845,30.906428212772283,0.38663666433041916,0.18884778012070913,1.7288783049303251,0.1155958324670791
CGCNN,cgcnn_hm,matbench_mp_e_form,1,64,32.880772776098226,4.0479635214097645,0.17987450187302573,42.12443870806319,33.46805933003776,31.63936982704007,0.28742622071185836,0.20528919907903334,1.6933685419787747,0.1238817125558853
CGCNN,cgcnn_hm,matbench_mp_e_form,2,64,33.29442633316648,4.084731106026688,0.18901571426494973,42.23619450344642,34.73876089804868,29.89562219550928,0.3349311393310678,0.20027054113016213,1.6237617778984632,0.09806489944458
CGCNN,cgcnn_hm,matbench_mp_e_form,3,64,33.53179724210524,4.039669025974604,0.2209662804103625,42.04157684654074,34.20851897089665,32.60791528941843,0.30031500682302226,0.19181252515029568,1.5591542325860377,0.1021959111094474
CGCNN,cgcnn_hm,matbench_mp_e_form,4,64,32.81976082264933,4.115874301917863,0.22214732218917266,42.17158097205095,34.98728593436659,28.991785590066243,0.3164240950211687,0.1774835059506897,1.5079467655633583,0.0974916368722915
