Model,Method,Task,Fold,Dimension,Effective_Rank,Embedding_Entropy,Inverse_Squared_Distance,Spectral_Radius,Spectral_Gap,Fiedler_Value,ARI,Silhouette,MCDR,MAE,MAE_Norm
MEGNet,megnet_emb,matbench_jdft2d,0,8,7.870319173149717,2.066857112374029,0.0430195994052538,39.31297749546157,35.36595203275764,22.362099160958607,-0.0208117154416659,0.1107995609189524,1.5933729059102588,39.00766372680664,0.11365760655430342
MEGNet,megnet_emb,matbench_jdft2d,1,8,7.853996712371502,2.0729078568433508,0.0413142741816482,39.00915919637648,34.63261631246019,22.21763828033907,-0.0043849766885626,0.091811743521159,1.771577213610769,58.78205108642578,0.5619532012385486
MEGNet,megnet_emb,matbench_jdft2d,2,8,7.876802418437706,2.070898614639982,0.0439406718528506,39.422286598610846,35.575492086247415,21.231687080955528,-0.0107735546038543,0.104460537285586,1.5430209957324423,78.10436248779297,1.0
MEGNet,megnet_emb,matbench_jdft2d,3,8,7.8947115458554045,2.06209262004226,0.0426423528539788,38.50817663564826,34.84125909876679,22.253132351387425,0.0030046788917684,0.0928933936512575,1.651559514014971,44.923221588134766,0.24776636457067466
MEGNet,megnet_emb,matbench_jdft2d,4,8,7.863148722334297,2.0678387578153794,0.0446645178521755,39.46132662745018,35.49491269094432,23.270531313758628,0.0100983373559101,0.1057107389480248,1.5427538113478323,52.37869644165039,0.41678583770668565
MEGNet,megnet_emb,matbench_phonons,0,8,7.860807409386492,2.07124952835942,0.0397180704172274,32.06467103819793,28.966112551879007,18.589328270876685,-0.0322329784666541,0.1340089750820674,1.6010270287865525,35.297203063964844,0.6094224775674069
MEGNet,megnet_emb,matbench_phonons,1,8,7.887490972841225,2.064036680668564,0.0397250482059773,32.756909375154194,29.55904797027841,19.409073891148974,0.0160568570676493,0.0758811010111351,1.6642494177155052,35.19483184814453,0.6013628865685249
MEGNet,megnet_emb,matbench_phonons,2,8,7.868921635468445,2.054861403588978,0.0468199702734951,32.15557153845438,29.45215960865959,21.42011538776806,-0.0059476629498739,0.083418981474757,1.7816687027372209,34.863136291503906,0.5752488026314705
MEGNet,megnet_emb,matbench_phonons,3,8,7.897061799110865,2.074748137276823,0.0447628386839776,32.63965978350512,29.875098404341905,21.80514033381577,-0.0394659191501918,0.112298527339471,1.5590232696125417,34.555877685546875,0.5510586171866966
MEGNet,megnet_emb,matbench_phonons,4,8,7.870112292873171,2.0590801415589985,0.0444777675041239,33.094246111045386,30.07017988564817,16.92064219899469,0.0192781887469177,0.1055786979605217,1.7040574742391807,32.990089416503906,0.427785557096403
MEGNet,megnet_emb,matbench_dielectric,0,8,7.893125435248877,2.0682989896187967,0.041940427118653,40.84185609396731,36.82081765167818,25.1284801335388,-0.0122434727847918,0.105029770025952,1.5271275596328882,0.2428307086229324,0.13649719994276477
MEGNet,megnet_emb,matbench_dielectric,1,8,7.864248260286193,2.0626177899260414,0.0464428486907311,40.691004640059546,36.7439122356568,20.979252460471717,0.0365476130763539,0.1152970054228064,1.621309765116708,0.3290224373340606,0.4672946154786701
MEGNet,megnet_emb,matbench_dielectric,2,8,7.81721994894923,2.0673331127188024,0.0409461663616741,40.774433470660384,36.140661899505545,26.971142312171757,0.0204919096804546,0.1230824991223017,1.5663810041625512,0.467822790145874,1.0
MEGNet,megnet_emb,matbench_dielectric,3,8,7.884701119777475,2.0605766869854194,0.0405344560789109,41.38496382025677,37.52845570978575,24.655192269984266,-0.0060107803876208,0.080944627075347,1.5709532217164948,0.3683082461357116,0.6180706146743563
MEGNet,megnet_emb,matbench_dielectric,4,8,7.894521333828879,2.0631234445808984,0.0452383432267909,40.68842089550419,36.90808945398532,22.39045656991056,0.0148884513532243,0.1077945763903693,1.7730977500002396,0.3589948117733001,0.5823263493844173
MEGNet,megnet_emb,matbench_log_gvrh,0,8,7.920278594671934,2.072386847148687,0.0415373178592909,43.12567729232069,39.31970172038318,25.615440389375184,0.0372675045373289,0.06345705033433,1.4576239725415605,0.1120756790041923,0.6888054242670315
MEGNet,megnet_emb,matbench_log_gvrh,1,8,7.888514671753513,2.0739667246063407,0.0413042877675782,42.912804900746735,38.42845822065196,28.077685323822195,0.0284414106939704,0.0986950585729933,1.469341723391117,0.1089581698179245,0.5860282482794954
MEGNet,megnet_emb,matbench_log_gvrh,2,8,7.91261044131125,2.067251283144808,0.0430644650724253,42.8792696763677,38.76990669786406,28.96657131631739,0.0240202108381942,0.1125726221257681,1.6100857814269198,0.1081172600388526,0.558305368509322
MEGNet,megnet_emb,matbench_log_gvrh,3,8,7.894277620917757,2.0729169829649816,0.0422399033336884,43.00534011338146,38.74748992718083,26.6474625196537,0.0785063828017797,0.1096590234074129,1.440858940100862,0.1079729795455932,0.5535487693266774
MEGNet,megnet_emb,matbench_log_gvrh,4,8,7.88233407756386,2.059046190841716,0.0426161183953662,43.31740910500988,39.12311202503132,25.017751454538683,0.0038335974858102,0.070542236697549,1.6543181216706897,0.1215150505304336,1.0
MEGNet,megnet_emb,matbench_log_kvrh,0,8,7.927973679091006,2.071219968995301,0.0427784909935858,42.86916672643079,38.74369147118294,28.231838834040136,0.0354240922064265,0.0855331367956387,1.399231929716331,0.0731312558054924,0.5160104545339064
MEGNet,megnet_emb,matbench_log_kvrh,1,8,7.906756775716598,2.057725182342557,0.0407612054820095,43.321543340522254,39.16720546315747,26.336703213856715,0.045249890615517,0.092498207608664,1.4660065830358835,0.0775051340460777,0.7217548406542227
MEGNet,megnet_emb,matbench_log_kvrh,2,8,7.867016173038925,2.056707720704868,0.0369079335935909,42.907123488366736,38.30374988950463,28.292643958655376,0.0443686006825938,0.1055288989690334,1.4772545799861372,0.0720731988549232,0.4662401441134539
MEGNet,megnet_emb,matbench_log_kvrh,3,8,7.924718735914709,2.073946702190272,0.0439822335604829,43.01438923617865,39.14536969930533,26.176625019776804,0.0959630724379479,0.0778325591496048,1.488355479216959,0.077921561896801,0.7413433357603421
MEGNet,megnet_emb,matbench_log_kvrh,4,8,7.903441874659545,2.0636718628984334,0.0468164845610147,43.28964279875356,39.2990950326829,22.64847773145528,0.0749066699012116,0.0879348141053022,1.7836062123616547,0.0767992883920669,0.6885523204211236
MEGNet,megnet_emb,matbench_perovskites,0,8,7.839019580320162,2.0539444727016,0.038951929646752,28.76259985796159,25.862904964668264,16.375280734391232,0.0529757057958509,0.0974301168997561,1.672479704837386,0.0511419102549552,1.0
MEGNet,megnet_emb,matbench_perovskites,1,8,7.88799486230263,2.0567019261961845,0.0409617560684549,28.773031297379926,26.42660511098105,16.93650742311272,0.0390479962965967,0.1027365312996999,1.9367973361191244,0.0494113825261592,0.8622430188124195
MEGNet,megnet_emb,matbench_perovskites,2,8,7.836891789986179,2.0498817915973557,0.0408902281940269,28.726033926969844,25.773707701077143,17.094672704920278,0.1296961702901846,0.1040656644688372,2.044453132854699,0.0497732795774936,0.8910514825330202
MEGNet,megnet_emb,matbench_perovskites,3,8,7.852147731631444,2.0692212462605686,0.0460454144843117,28.35576434450838,25.174276639133648,19.023329074046902,0.0438302868859641,0.1179943217056155,1.5824016031084966,0.0438598617911338,0.4203195958404948
MEGNet,megnet_emb,matbench_perovskites,4,8,7.851337858254339,2.0701454183441883,0.04302894754977,28.517133029650637,25.79113558747988,17.2567385968305,0.0708189481432151,0.1022191347326919,1.489637850576642,0.0485672652721405,0.795047883625034
MEGNet,megnet_emb,matbench_mp_gap,0,8,7.888148992875865,2.0585935559071054,0.0412440812888204,43.26377558140383,39.154727068207634,25.78914938855392,0.056103974777305,0.1042888279229324,1.81443921850009,0.2591058015823364,0.21376956847023645
MEGNet,megnet_emb,matbench_mp_gap,1,8,7.849529416308365,2.0687541587711986,0.0416068741875995,43.62019944377789,39.414942359930045,20.11387477050661,0.0669208317622578,0.1120678810116151,1.621780962420729,0.2663636207580566,0.38565590547846507
MEGNet,megnet_emb,matbench_mp_gap,2,8,7.830074362212779,2.0733041695339818,0.0389935506211419,43.337694925615416,38.64869654868126,15.65458359909885,0.0992090947322724,0.0990607031108409,1.615323156089529,0.2610806226730346,0.2605390945921138
MEGNet,megnet_emb,matbench_mp_gap,3,8,7.901603529897923,2.0775964403686347,0.0427358762404476,43.51680930517465,40.01838611542055,18.296498078577773,0.0548948081721574,0.08109597887914,1.8873174068376464,0.2754223942756653,0.6001940966389528
MEGNet,megnet_emb,matbench_mp_gap,4,8,7.847033895683854,2.072742190963194,0.0404532815515288,43.61778287082791,39.12092716024439,22.29380466942333,0.0384057086267008,0.1340719515927113,1.7384631245588502,0.2725534737110138,0.5322496859163486
MEGNet,megnet_emb,matbench_mp_e_form,0,8,7.892514626030167,2.073678238677164,0.0376883454433586,42.90749333711545,37.53346478470963,26.664691623140065,0.1072455774004176,0.1252724483451838,2.046519463534009,0.0376448631286621,0.4750560418950088
MEGNet,megnet_emb,matbench_mp_e_form,1,8,7.900371418668353,2.0722800940433483,0.0386880055322993,43.40509035311685,38.73409680728392,21.141129966916505,0.1191477203151149,0.1476158364272207,1.669938838811337,0.037931028753519,0.49773765542915205
MEGNet,megnet_emb,matbench_mp_e_form,2,8,7.8862044722865265,2.062084700709944,0.0402585559611226,43.09879950074275,38.12439347877248,21.04698360835676,0.065871108757925,0.0926830914719896,1.4650703916372625,0.043242409825325,0.9187200598095168
MEGNet,megnet_emb,matbench_mp_e_form,3,8,7.887767952891619,2.068079422674481,0.043545009891876,43.510323992132726,38.72194469111901,25.12048004799447,0.1270705780715922,0.1191232726064023,1.8662433071442817,0.0442678891122341,1.0
MEGNet,megnet_emb,matbench_mp_e_form,4,8,7.880945594525745,2.073462229132913,0.0411770968357297,43.22353375222374,38.15348693027234,25.219819172163263,0.2664440190608072,0.1088290246348602,1.810432665546429,0.0356731340289115,0.31877592454362863
MEGNet,megnet_emb,matbench_jdft2d,0,16,15.465107000638568,2.755551602282285,0.0216051714856696,38.93536344705792,36.46509682961342,25.65147538738893,-0.0044203438616329,0.063904549583086,1.3482611972591323,39.722747802734375,0.1298689326114578
MEGNet,megnet_emb,matbench_jdft2d,1,16,15.526212524992207,2.758735116421573,0.0231905222907327,38.49485128557549,36.2273213830854,26.24837871534737,-0.0002982848620432,0.0468664005583034,1.1517393074615516,57.55757522583008,0.5341936998128202
MEGNet,megnet_emb,matbench_jdft2d,2,16,15.62265864619332,2.763909969821916,0.0205969919846813,38.25583486719525,36.21783391917652,22.569726713007157,0.0601423874373448,0.0495777994711064,1.6628914051302983,76.45894622802734,0.9626975618885133
MEGNet,megnet_emb,matbench_jdft2d,3,16,15.50219147811474,2.761352712157403,0.0200066957306559,37.82664182320678,35.60305945308592,24.67388563715182,0.0202401157855326,0.0346012682932459,1.2461854719001513,48.46316146850586,0.32801863357689887
MEGNet,megnet_emb,matbench_jdft2d,4,16,15.5398641047132,2.759611936093875,0.021605752421484,38.73354446372813,36.52686886823408,29.532856962765848,0.0282495465791867,0.0648342720679266,1.268459248054035,52.31320571899414,0.415301129132632
MEGNet,megnet_emb,matbench_phonons,0,16,15.45376941402882,2.7580798681181022,0.0213431142214645,31.61929562112852,30.00407947262607,19.07768153775932,0.0071937836140646,0.0260670378986868,1.3274121275237902,34.53242874145508,0.5492125035382345
MEGNet,megnet_emb,matbench_phonons,1,16,15.438597437147989,2.750543682246515,0.0210388624579527,32.062427273852215,30.26387642403956,25.0091083186011,0.0130527883809701,0.0432331308814654,1.2271347471086125,33.92302703857422,0.5012348719365649
MEGNet,megnet_emb,matbench_phonons,2,16,15.447111658002004,2.7608961425825105,0.0198920690081835,31.524739041185818,29.691569899772954,24.30905582633345,-0.0163261007876088,0.0550407899496385,1.0973208733421589,33.61100387573242,0.47666957734148535
MEGNet,megnet_emb,matbench_phonons,3,16,15.484201262737512,2.7573034197923523,0.0183867820512003,32.196064934243445,30.417843704721733,23.14958096738553,-0.0093373323524418,0.0542854582801868,1.1839539977215512,32.78507995605469,0.4116453521678772
MEGNet,megnet_emb,matbench_phonons,4,16,15.549827520931624,2.7655315258795925,0.0207081927107569,32.10685353189989,30.582116071356023,25.518685613549227,-0.019158106594262,0.0453072689949744,1.0820313498096756,27.99004173278809,0.03413643431572991
MEGNet,megnet_emb,matbench_dielectric,0,16,15.47830797866971,2.76545559735254,0.0214070957208809,40.23668530160356,37.67537364957745,29.08633879967068,-0.0164051629961648,0.0563503061532054,1.1429057133862084,0.2311006188392639,0.09147799169081694
MEGNet,megnet_emb,matbench_dielectric,1,16,15.524093749528138,2.752167492130172,0.0201655876532361,39.88909421606185,37.76174846595943,26.96982955463617,0.009003738455006,0.0371013717136948,1.1546652298280793,0.3158994019031524,0.4169293858975389
MEGNet,megnet_emb,matbench_dielectric,2,16,15.590480392971518,2.761394142381404,0.0224292246075252,40.74736210732245,38.781285969052426,24.99540623607845,0.0421307094524358,0.0462389589879194,1.1580399173729308,0.4596931040287018,0.9687988720391972
MEGNet,megnet_emb,matbench_dielectric,3,16,15.62857014885703,2.765478223231111,0.021298620276775,40.17190747151901,38.16006500978896,29.71563844350517,0.0717412138234969,0.0586825618110585,1.249783150176777,0.3464860916137695,0.534318815920242
MEGNet,megnet_emb,matbench_dielectric,4,16,15.393990923369175,2.7576561830734523,0.0212247728956385,39.82871448682236,37.36465389260517,27.403910290218416,0.0299782349800829,0.014829977620152,1.664421969871468,0.3560441136360168,0.5710017903758461
MEGNet,megnet_emb,matbench_log_gvrh,0,16,15.53546289691884,2.761762032243825,0.0208830297816058,42.41442642750648,39.910349888765886,29.96581431491768,0.0060450702069862,0.0417700732730262,1.2479430309342738,0.1087438315153122,0.5789620027186195
MEGNet,megnet_emb,matbench_log_gvrh,1,16,15.636922260717729,2.7554496359410496,0.0207653487902874,42.24841085308243,39.85825823398188,29.417908989534137,0.0717614165890028,0.04607773763872,1.095865501693454,0.1061835289001464,0.49455465802839627
MEGNet,megnet_emb,matbench_log_gvrh,2,16,15.576670792075491,2.7524263854149766,0.0189356988076684,42.42067815010999,40.00987979051612,27.440574006843168,0.0272872333293106,0.0482096213143572,1.261882008959879,0.1062021404504776,0.49516823844452346
MEGNet,megnet_emb,matbench_log_gvrh,3,16,15.6152569408606,2.7527617732073364,0.0214658348994052,42.45342346956773,40.30585787157845,24.000681697053647,0.0094796576934564,0.0112847327515325,1.197859506069872,0.1125970259308815,0.7059930447785993
MEGNet,megnet_emb,matbench_log_gvrh,4,16,15.54063613576357,2.7612718937850365,0.021029620924311,42.42261594111188,39.85072809314966,29.35892370918396,0.0726130619030099,0.0399867271175818,1.3587786627941547,0.1069059297442436,0.5183705681833259
MEGNet,megnet_emb,matbench_log_kvrh,0,16,15.67550438914769,2.7655019214984806,0.0205207066308572,42.00273583426671,39.67242563825708,35.13366771294987,0.0132875337489221,0.060387550793519,1.0511905178883,0.074585385620594,0.5844117747561381
MEGNet,megnet_emb,matbench_log_kvrh,1,16,15.544290029162536,2.761197921629515,0.0204787809181504,42.35749589394253,40.06130366615957,32.12670208566788,0.0415856513630411,0.0386391131715134,1.1321835184849065,0.0723627209663391,0.479859075826914
MEGNet,megnet_emb,matbench_log_kvrh,2,16,15.610377901390471,2.762953675596404,0.0214485560903213,42.28082087051597,39.81583218072846,31.815102716536025,0.0292193693882982,0.0568881302559207,1.0730905959050356,0.0698293298482894,0.360690006247134
MEGNet,megnet_emb,matbench_log_kvrh,3,16,15.612646786184438,2.75803257835174,0.021867430709602,42.375840748030754,39.96484284279881,30.1470620881988,0.0051650041398888,0.036543031240316,1.4187464937313787,0.0818146988749504,0.9244739657397595
MEGNet,megnet_emb,matbench_log_kvrh,4,16,15.690764868125736,2.758650634751882,0.0216628095895655,42.40865228650226,40.04131381714015,31.72348441187812,0.0536484482359824,0.0551545986065835,1.11007251916031,0.0757822394371032,0.6407109994278548
MEGNet,megnet_emb,matbench_perovskites,0,16,15.521608602707154,2.758890993913938,0.0210953048539603,27.96539566164717,26.53260363917418,21.338444870790067,-0.0213591560275087,0.0667986998212397,1.2299054876730169,0.0465876758098602,0.6374645847407042
MEGNet,megnet_emb,matbench_perovskites,1,16,15.448496081995106,2.7632053322227974,0.0206644552509776,27.99238697488112,26.69572894393608,20.260058870705016,-0.0339089883814441,0.0441409636972316,1.457201488785204,0.0460363253951072,0.5935748698005471
MEGNet,megnet_emb,matbench_perovskites,2,16,15.475818103956374,2.7428393444600947,0.0194938979333777,27.99504886333399,26.48820153460713,20.79275961230301,-0.0057738871298193,0.0463257881799434,1.2349173363814814,0.043505847454071,0.3921386279430182
MEGNet,megnet_emb,matbench_perovskites,3,16,15.483045566663687,2.752932787502617,0.0203902420401371,27.986772033149148,26.60254976616108,21.591785574959097,-0.0166442953020134,0.0443876602419221,1.2973994402944065,0.0431813895702362,0.36631047283411944
MEGNet,megnet_emb,matbench_perovskites,4,16,15.43795067362598,2.758724699664877,0.0206741925698991,28.08030837375941,26.627037281236515,20.83399980634949,-0.0530610570271311,0.0130764171661353,1.8128869848378768,0.0444398149847984,0.46648620725036577
MEGNet,megnet_emb,matbench_mp_gap,0,16,15.534979208178283,2.7621075871941416,0.0201322693827389,42.33277339193664,39.73606620169984,31.49347587013021,0.1021299469193039,0.0537114660580687,1.3871027058008871,0.2588775753974914,0.20836450642989127
MEGNet,megnet_emb,matbench_mp_gap,1,16,15.49456074722356,2.7615114900531936,0.021648034988154,42.74795170622029,40.14486930597485,21.957929246173407,0.0686023688663282,0.0313286055523973,1.1448269206728436,0.2637265026569366,0.32320125351138373
MEGNet,megnet_emb,matbench_mp_gap,2,16,15.6183796718166,2.7690569647710124,0.0198362946747354,42.51098087340481,40.122803707705806,27.275981621599744,0.0483877050726004,0.0498993326904981,1.553913879750747,0.2635432779788971,0.31886195847037774
MEGNet,megnet_emb,matbench_mp_gap,3,16,15.487811745710438,2.762574929861527,0.0212410358625738,42.744814745939735,40.01129575384594,21.46478996268192,0.0489326486440606,0.0346490670519597,1.0977384373731125,0.250079482793808,0.0
MEGNet,megnet_emb,matbench_mp_gap,4,16,15.32649154591704,2.761354805268703,0.0197884189897257,43.023277318917295,39.96761895548486,17.549621344053005,0.0298775063299801,0.0488203443222503,1.1530561290316406,0.2739230692386627,0.5646857046060905
MEGNet,megnet_emb,matbench_mp_e_form,0,16,15.611830656248271,2.758877871810961,0.0205138884659548,42.45471604851334,39.16551038509528,28.364419849947684,0.14879848628193,0.0511306822928377,1.464027194256751,0.0372152626514434,0.44100571875353867
MEGNet,megnet_emb,matbench_mp_e_form,1,16,15.490655045153098,2.7649787324322803,0.0214822275313678,42.43871167537597,38.50390310000847,28.599578641227406,0.0766853205887559,0.0402493178868044,1.2064252173214534,0.0395881421864032,0.6290811963792995
MEGNet,megnet_emb,matbench_mp_e_form,2,16,15.507055550568175,2.7641537250968984,0.0211109692486147,42.24885658466575,38.69406174108998,30.5286379247154,0.0802705719395919,0.0348831026282897,1.166051371374584,0.0374767705798149,0.4617329523980507
MEGNet,megnet_emb,matbench_mp_e_form,3,16,15.467308331361318,2.761423941876512,0.0189745552541772,42.40996627021688,39.11022556701546,30.173892408960324,0.0939467763622082,0.0480832331786893,1.2119001518776409,0.0405208058655262,0.7030045305945063
MEGNet,megnet_emb,matbench_mp_e_form,4,16,15.556518854459371,2.7635309143866262,0.0211196406000731,42.253553276984185,38.44338003686011,32.734821068512375,0.1350398224828624,0.035604850609134,1.4010285128487872,0.0339016169309616,0.17836469868475946
MEGNet,megnet_emb,matbench_jdft2d,0,32,29.859814579375502,3.452922791802365,0.0111703782628362,38.386067782819225,37.17090870886214,32.321355431531664,0.0163067985473715,0.0291457156497868,1.0991773612427438,35.92290496826172,0.04372452913602207
MEGNet,megnet_emb,matbench_jdft2d,1,32,30.190962534198704,3.4550549857801043,0.0107270877398068,37.92262089202055,36.87597076608094,30.10700025747709,0.0028359377957134,0.0114599085084301,1.1421943508604266,57.22069549560547,0.5265564619934323
MEGNet,megnet_emb,matbench_jdft2d,2,32,29.93102356212621,3.442587434512467,0.0108851691307458,38.02763408808103,36.85153170967506,28.993469842189672,0.0189404919662083,-0.0021169383878212,1.17969257344891,77.21370697021484,0.9798083785024437
MEGNet,megnet_emb,matbench_jdft2d,3,32,30.020771832338408,3.4529651798184724,0.0099583725885161,37.47652099063672,36.26552119652111,22.059663108859557,0.0080606752735969,0.0208097776347864,1.0123356416615008,40.14830780029297,0.1395165979833285
MEGNet,megnet_emb,matbench_jdft2d,4,32,30.148963924745978,3.448171169232635,0.0105999804013467,38.39753429397388,37.248283415054,28.61091737066099,0.0334065029496501,0.0260829422396129,1.0294183448056744,54.26488876342773,0.4595467937455439
MEGNet,megnet_emb,matbench_phonons,0,32,29.70136595178387,3.4510869785526106,0.010540240112428,31.426895013282543,30.485412434253877,22.232620968739127,0.0271260902779742,0.013399842671856,0.8973433649014002,37.96909713745117,0.8197782230968433
MEGNet,megnet_emb,matbench_phonons,1,32,29.6470601732258,3.45389007019887,0.0107965916783132,31.7983669238339,30.94943557648765,27.09002328547485,-0.0386199486659105,-0.0060757691606224,1.1581434900873404,36.47252655029297,0.701954606987572
MEGNet,megnet_emb,matbench_phonons,2,32,29.67222408026344,3.4506041021931213,0.0108074948532208,31.372596393653527,30.509453244858644,24.989235731126826,-0.0136772305253909,0.0202364085263165,1.1275393573724657,33.81334686279297,0.4925998532899762
MEGNet,megnet_emb,matbench_phonons,3,32,29.790834284121967,3.4542283885682328,0.0105323801846263,31.796560606609333,30.906542482158944,25.51937012297742,0.0412863809291778,0.007363936353067,0.8731202822157296,33.98191452026367,0.5058710288246907
MEGNet,megnet_emb,matbench_phonons,4,32,29.79831507464605,3.45330794440178,0.0104596103363631,31.81132807545013,30.96973470805671,24.970871552221357,-0.0393477490251683,0.0166260922635047,1.2800485810534286,28.44224739074707,0.06973816690555201
MEGNet,megnet_emb,matbench_dielectric,0,32,30.132254832671794,3.455939853155283,0.0107040572509256,39.9683265237832,38.69007919724371,32.08212384374592,-0.0065663593668464,0.0243513397632442,1.288578878312118,0.2289895415306091,0.08337583469568366
MEGNet,megnet_emb,matbench_dielectric,1,32,29.954627837001684,3.4454962444647346,0.0107315235265495,39.45142645862352,38.136710116071406,32.73036582809379,0.0101499286054259,0.0048831515627319,0.9100712532680302,0.3319684863090515,0.47860133134969507
MEGNet,megnet_emb,matbench_dielectric,2,32,30.35821223011077,3.460339599731186,0.0103792788110537,39.89824977127202,38.62981461588044,31.54971351098075,0.0167888400430906,0.008745446863791,0.9159246856661024,0.460330605506897,0.9712455550857116
MEGNet,megnet_emb,matbench_dielectric,3,32,30.20053937806008,3.452458886321557,0.010772080610361,39.92016583522568,38.65020313795362,32.273648681799834,0.0525566663396304,0.015653744587626,0.9796389711086873,0.345455139875412,0.5303621001693155
MEGNet,megnet_emb,matbench_dielectric,4,32,30.20514861230548,3.454882225963761,0.0107490056540295,39.36312902682362,38.192786505957166,32.27344242731494,0.0261451895581588,0.0145959243956788,0.8893641476823475,0.3485632538795471,0.5422908095145558
MEGNet,megnet_emb,matbench_log_gvrh,0,32,30.32828316643325,3.456524177498408,0.0101987053712784,41.84591222836748,40.47683923388596,34.88573277736985,0.0186743922013859,0.0319595642260813,1.1852743257283225,0.1076867207884788,0.5441114702202253
MEGNet,megnet_emb,matbench_log_gvrh,1,32,30.466269801337926,3.459068395972495,0.0108576735192569,41.89535477717678,40.62921942059121,32.435480706447706,0.0316497768371928,0.0059334116276082,0.8411564059336956,0.1095267906785011,0.6047743826983101
MEGNet,megnet_emb,matbench_log_gvrh,2,32,30.397210750640653,3.45412163114868,0.0105783267167144,41.94685499204995,40.62144789254701,31.62974657821003,0.0704303207277359,0.0187271859020343,1.0944941987030077,0.0996569991111755,0.2793898387349532
MEGNet,megnet_emb,matbench_log_gvrh,3,32,30.40102420046224,3.451590719416947,0.0100630382555225,41.9896616167357,40.86702969756632,32.43210776895209,0.0203635568831736,0.0009195674273292,1.196683315946028,0.1059641912579536,0.4873235956303642
MEGNet,megnet_emb,matbench_log_gvrh,4,32,30.48446948343126,3.456322585230729,0.0103666116302822,41.93849900551717,40.75655433672997,33.04747939662093,0.0125271187626845,0.0163029511378418,0.874179391262299,0.1097924932837486,0.6135339923059281
MEGNet,megnet_emb,matbench_log_kvrh,0,32,30.53804130718535,3.454069755321492,0.0105370451282934,41.84137061357183,40.70673989958744,34.3199018520189,0.0014546884214664,0.0089553546906741,0.905520551348353,0.0765121579170227,0.6750458897262221
MEGNet,megnet_emb,matbench_log_kvrh,1,32,30.38273725568973,3.457833822243636,0.0108059988855594,42.16025965249968,41.01249705912572,32.39851721196779,0.0109868331413424,0.012721608315054,1.1969684331702777,0.0719734281301498,0.4615469941462667
MEGNet,megnet_emb,matbench_log_kvrh,2,32,30.46318935374091,3.456471585443359,0.0109358970874575,41.99617020142116,40.86958521887473,33.371910685791654,0.0314633117956081,0.0015482547749725,1.4258349501181258,0.0671965554356575,0.23684601116423884
MEGNet,megnet_emb,matbench_log_kvrh,3,32,30.327959482318736,3.448556267190403,0.0102979424721775,41.88956452418477,40.52260426599503,35.142497456450315,0.0349482867043979,0.0270117350518358,0.9393333197059286,0.0794725269079208,0.8142997205874222
MEGNet,megnet_emb,matbench_log_kvrh,4,32,30.518998382779227,3.459117119297374,0.0107699614204428,41.88440132240434,40.762845396964295,33.53410884808336,0.064220299056473,0.0166904719201954,1.0405157091084578,0.0732844248414039,0.5232154263078889
MEGNet,megnet_emb,matbench_perovskites,0,32,29.55370323025211,3.4511775493439867,0.0108483344239638,27.6894144330954,26.949528594717737,24.402112793299505,-0.0057738871298193,0.0188801960927878,1.0518973324559084,0.0416939742863178,0.2479062219947377
MEGNet,megnet_emb,matbench_perovskites,1,32,29.48004174042117,3.455940129477954,0.0107314053730145,27.77685561912861,27.094308293635567,22.20418574173524,0.0010349428083737,0.0068941474869997,1.1266929035226585,0.0447780676186084,0.4934124800497235
MEGNet,megnet_emb,matbench_perovskites,2,32,29.527393419712467,3.449344464855737,0.0103146745607607,27.84239444206481,27.15712621114317,22.533645343359304,-0.0070976735266857,0.0102133650815562,1.186667980100621,0.0406564064323902,0.1653116394544241
MEGNet,megnet_emb,matbench_perovskites,3,32,29.52994386231352,3.4523164203632724,0.0108864658224759,27.71825753225092,27.000793412926832,22.56120335746999,0.0212174034653094,0.02288600410842,0.9000457938755555,0.0392822101712226,0.0559200790953095
MEGNet,megnet_emb,matbench_perovskites,4,32,29.44300594368036,3.44400733265127,0.0100314193604799,27.826249125741853,26.899412105714767,23.230545926883803,-0.0258006896722816,0.0089428984056653,0.9042506723560396,0.0400415956974029,0.11637022728040844
MEGNet,megnet_emb,matbench_mp_gap,0,32,29.921609081579124,3.454616625357482,0.0103679973873623,42.3005373796779,40.27308769480317,28.327314489440106,0.0890455624869267,0.0102818218014525,1.3043553460216055,0.2639215588569641,0.32782075351844314
MEGNet,megnet_emb,matbench_mp_gap,1,32,30.11597795018717,3.4530247041462827,0.0103790411679266,42.06730443315358,40.44370083220897,26.74980466172832,0.0415856513630411,0.0095373650651375,1.0724977807305929,0.2691919207572937,0.4526383026778284
MEGNet,megnet_emb,matbench_mp_gap,2,32,30.040588276929427,3.4516528856165207,0.0101040626453271,42.08239560978725,40.27753066192919,31.52745197658847,0.0180695134556232,0.0074046175673393,0.9603393692900936,0.2588180303573608,0.20695430612215984
MEGNet,megnet_emb,matbench_mp_gap,3,32,29.88679702050583,3.457359697830968,0.0098246878063273,42.21963401126611,40.22881093243949,26.11527166291633,0.1155521686670476,0.023168992495977,1.1936220275859983,0.2529686093330383,0.06842294716336463
MEGNet,megnet_emb,matbench_mp_gap,4,32,29.86619213370098,3.451711524035964,0.0102310330357109,42.33866323135243,39.99089706685788,22.08521262792487,0.0730445493738452,0.0401073763250242,0.9994781862664056,0.2666139304637909,0.39158396973504095
MEGNet,megnet_emb,matbench_mp_e_form,0,32,30.19653588174994,3.4571369924796733,0.0102248926587267,41.96014653908659,39.59668656379757,32.084689572735684,0.0870348545806748,0.013415966508487,0.9361755362999648,0.0326036252081394,0.07548530273253055
MEGNet,megnet_emb,matbench_mp_e_form,1,32,30.07382554135254,3.448606339881512,0.0112032257458258,41.98806673377695,39.586852179569696,27.70050105244399,0.0766772286462834,0.0307990410899887,0.9777901074781904,0.0316512547433376,0.0
MEGNet,megnet_emb,matbench_mp_e_form,2,32,30.14611591894232,3.453118531817146,0.0109586607507439,41.9133039682345,39.41411979734538,34.67239822642756,0.0725747779653804,0.0169238132750256,0.9005174167394846,0.0384587310254573,0.5395635700517735
MEGNet,megnet_emb,matbench_mp_e_form,3,32,30.29259493327405,3.4574688495930848,0.0109678366120746,41.96180018413786,39.50799803919169,34.114757306416266,0.0953739037289951,0.0075317343921837,0.9772015608035476,0.0338867716491222,0.17718805510412305
MEGNet,megnet_emb,matbench_mp_e_form,4,32,30.150114206977275,3.453662790544373,0.0108145840335363,42.01859036812447,39.59281575894182,31.817378074647586,0.0985909806613105,0.0270634382078188,0.9722009114249373,0.0368960164487361,0.41570212404096396
MEGNet,megnet_emb,matbench_jdft2d,0,64,54.656058749698616,4.143789000971652,0.005246170630074,38.21466974702637,37.56439556183802,32.52656085599238,-0.0051203912652349,0.0013869531181299,1.0835136847968778,40.70787811279297,0.1522023465452333
MEGNet,megnet_emb,matbench_jdft2d,1,64,54.68742270114504,4.145213652269886,0.0052271037068248,37.74476014476236,37.181609502164406,29.750990480865603,0.0242268114466475,0.0097328279961848,0.8915527310621326,55.52278518676758,0.48806395662381696
MEGNet,megnet_emb,matbench_jdft2d,2,64,54.385906413173394,4.145777260029557,0.0052892262395691,37.696679284301815,37.06489152309384,32.86490963931859,0.0062326111244988,-0.0037419023294696,0.7704617514005473,77.83573913574219,0.9939101695964755
MEGNet,megnet_emb,matbench_jdft2d,3,64,53.63403622323866,4.148370199317368,0.0050222323342903,37.26177979080933,36.36459699261653,30.75431668633341,-0.0110656315348925,-0.0287812311713872,1.0547575642747211,40.84873962402344,0.15539574990063315
MEGNet,megnet_emb,matbench_jdft2d,4,64,54.50962488049506,4.147751931936851,0.0053593784669471,38.23382557225276,37.6273130935781,33.2146613716018,0.0053911821324846,-0.0077235883704282,1.046908718588769,52.99245071411133,0.4306999646810938
MEGNet,megnet_emb,matbench_phonons,0,64,51.451246349577744,4.146806603170853,0.005229536689511,31.18079501060149,30.79889184223413,27.090210936304956,-0.0290162210511931,-0.0331695554757014,1.6523177533140443,40.25823593139648,1.0
MEGNet,megnet_emb,matbench_phonons,1,64,51.342079314406696,4.140835414083854,0.005420505802725,31.709588746906917,31.30797842427201,25.81492220307971,-0.0070498703397229,-0.0048554320621345,0.9408481043906108,37.759864807128906,0.8033055555346998
MEGNet,megnet_emb,matbench_phonons,2,64,51.18936716443876,4.146229991317996,0.0052104074270409,31.13369263266732,30.720758760278105,27.99232138854444,-0.0090557163254865,-0.0115806181629698,0.7688300026897619,31.927976608276367,0.3441663995002549
MEGNet,megnet_emb,matbench_phonons,3,64,51.30807758362607,4.143470177042132,0.005332975818777,31.718993796379447,31.26615774344221,22.641912995670616,-0.044364017213492,0.0046885630746591,1.6043633885331814,34.34384536743164,0.5343655091791373
MEGNet,megnet_emb,matbench_phonons,4,64,52.21423625995787,4.149152878488506,0.005374469168593,31.666634264241537,31.2845829679303,27.841381297956097,-0.013727789302787,-0.0005297776648617,0.8045443314906143,32.41223907470703,0.38229193492802277
MEGNet,megnet_emb,matbench_dielectric,0,64,55.55154434172151,4.146492985364195,0.0054067408939067,39.72206775956139,39.13725458790371,34.25681808924777,0.0129479021727701,-0.0033001543293284,0.760640768661249,0.2270934581756591,0.07609880843298694
MEGNet,megnet_emb,matbench_dielectric,1,64,54.91605698620153,4.15045332592781,0.0052610621710125,39.25675469320427,38.74185802450898,32.51640447610687,-0.0146705326343808,-0.0086973294261478,1.5049163133420045,0.3171967566013336,0.42190853630569514
MEGNet,megnet_emb,matbench_dielectric,2,64,55.25777648263799,4.147837933433633,0.0052748267428875,39.70301505691692,39.07317773070198,33.81327586123528,-0.009291793782125,0.0099810540904602,0.9975407021415044,0.4486435949802398,0.9263916818037855
MEGNet,megnet_emb,matbench_dielectric,3,64,55.188756715966576,4.148744098012886,0.0053848557482104,39.72364250811464,39.27126181669421,32.77430273799736,-0.0179077755179246,-0.0011302393318519,0.7649416631595042,0.3516570627689361,0.5541646168981146
MEGNet,megnet_emb,matbench_dielectric,4,64,54.841010179253935,4.148319657603225,0.0053860313996593,39.22464521063884,38.73169507792304,33.126428097785094,-0.0035604059636799,-0.0015763294435284,0.8939159983167477,0.3549110293388366,0.5666530974943316
MEGNet,megnet_emb,matbench_log_gvrh,0,64,56.223925631218094,4.148932604325566,0.0051429312468656,41.69992002041587,41.08911207107658,35.54266166965871,0.0258765392310894,0.000599088349645,0.7679138825738162,0.1071253195405006,0.5256033499820446
MEGNet,megnet_emb,matbench_log_gvrh,1,64,55.73955794897109,4.146473727248425,0.0052585183787957,41.72319319541111,41.12114364415703,36.790011183036704,0.0195928240274138,0.0048101213109099,0.95551914268253,0.1089772880077362,0.5866585314451381
MEGNet,megnet_emb,matbench_log_gvrh,2,64,56.07213430348212,4.148362272326812,0.0053426874559508,41.74344403307018,41.08039190789668,34.18827074321494,-0.0365522059218657,-0.0144205877102436,1.3472403221903444,0.1044723689556121,0.4381416127880166
MEGNet,megnet_emb,matbench_log_gvrh,3,64,56.42612718621707,4.148497220832191,0.0051473757907708,41.65207535275229,40.998532622405314,37.68601424966769,0.0379533597334841,-0.0029246110048359,0.9490394471671846,0.1067263409495353,0.5124499347364616
MEGNet,megnet_emb,matbench_log_gvrh,4,64,56.05595463954827,4.147015319760843,0.0052792735127135,41.74243871299323,41.14323372848205,36.064059284458445,0.0216431041059146,0.0073997777970484,0.9987278717271992,0.1110226064920425,0.6540880225074464
MEGNet,megnet_emb,matbench_log_kvrh,0,64,55.81429672718704,4.1444869946927945,0.0053512698019856,41.74158956397781,40.94855561606256,33.85916040073541,0.0113431101342731,0.004823995566029,1.0841114591802266,0.0705998092889785,0.39693285774491316
MEGNet,megnet_emb,matbench_log_kvrh,1,64,56.54285435950399,4.148102166040118,0.0052398963115305,41.77270302732429,41.30158680964497,35.187926571070875,0.0395208054546613,0.0016291556594129,0.997916026647054,0.0747167468070983,0.5905909194855417
MEGNet,megnet_emb,matbench_log_kvrh,2,64,56.21958642919448,4.150534868322367,0.0053238996763613,41.72748262425244,41.13106204217869,37.5259751460888,-0.0007742197514881,-0.0038429337219224,1.0920518363315013,0.0720055177807807,0.4630564704294898
MEGNet,megnet_emb,matbench_log_kvrh,3,64,56.1299127703282,4.146941223963969,0.0053111196031746,41.74772685801688,41.16699850271335,33.865909406853,0.0067785056992464,-0.0013170683246469,1.0982804885581128,0.0834202915430069,1.0
MEGNet,megnet_emb,matbench_log_kvrh,4,64,56.68922235848364,4.145842963846757,0.0055445214153672,41.70666305258119,41.21460732505964,36.63731950195857,0.0366241845490965,0.0074084655825697,1.025349959150597,0.072824440896511,0.501578080876314
MEGNet,megnet_emb,matbench_perovskites,0,64,47.65883286446816,4.14172333232735,0.0056176709435473,27.6512357628869,27.300718373706005,24.330740835520807,0.0605235335208714,-0.0059928540955662,0.9384989744344512,0.0387548208236694,0.013937761666646857
MEGNet,megnet_emb,matbench_perovskites,1,64,47.85564274331486,4.143462554946394,0.0053250908973086,27.63196867034957,27.42196475430186,24.041436698896614,0.0132537840292723,-0.0005106183139824,0.916464672201306,0.0416468903422355,0.24415815029888888
MEGNet,megnet_emb,matbench_perovskites,2,64,47.44649595435401,4.141322294293747,0.0054181519297826,27.646256247726583,27.31626276366548,23.832054899978644,0.004340827464193,-0.0059799216237051,1.0610093722492009,0.0394978262484073,0.07308398776560783
MEGNet,megnet_emb,matbench_perovskites,3,64,47.86159912921884,4.140293754152163,0.0050911124711842,27.596460577351632,27.270861855117463,25.686422675227583,0.0176479132371453,0.0095027913202098,0.90363954819909,0.0399038419127464,0.10540447087808495
MEGNet,megnet_emb,matbench_perovskites,4,64,47.54582507508099,4.137009976019611,0.0054991758259696,27.67544936051529,27.167122925472768,24.63808951789212,0.0049732472781552,0.0059308038001923,1.1139149989875197,0.0401385016739368,0.12408433354071835
MEGNet,megnet_emb,matbench_mp_gap,0,64,55.17119332512168,4.146741816387391,0.0051999320635578,42.26747071636276,40.66820568675882,21.24426840904737,0.0440881504199179,-0.005327967711993,1.139799551981005,0.2694936394691467,0.4597838822151007
MEGNet,megnet_emb,matbench_mp_gap,1,64,56.02273080303666,4.146928471356429,0.0054599201515582,41.99828736821367,40.59238727550356,29.143380406559533,0.0942426830425529,0.0082011202750144,0.877718752699978,0.2571224272251129,0.1667974760378879
MEGNet,megnet_emb,matbench_mp_gap,2,64,55.72457515018431,4.144045290171787,0.005682083628948,41.87681443306352,40.76802292542196,32.34213941044202,0.0771908808445326,-0.0024362396147762,1.0576153058335895,0.2687797844409942,0.4428777120593999
MEGNet,megnet_emb,matbench_mp_gap,3,64,55.56541530629798,4.148479775128292,0.0053876061618811,42.04188439504493,40.67278083761303,27.665441377872508,0.019997041459905,-0.0026548987844051,0.9882741194988288,0.2595172524452209,0.22351392555158633
MEGNet,megnet_emb,matbench_mp_gap,4,64,55.556912932246725,4.144253565525229,0.0053672005331066,41.88070904344577,40.62686342629576,28.538169475265704,0.052706498392242,0.0026876637408297,1.0980272022361546,0.2642871439456939,0.33647887522762154
MEGNet,megnet_emb,matbench_mp_e_form,0,64,55.76398474442632,4.1416387456179775,0.0061419488826609,41.80583019287159,40.03712588644118,32.94603097870758,0.1547199373286329,0.0167841233922289,0.894043402713049,0.0335848741233348,0.15325952416946564
MEGNet,megnet_emb,matbench_mp_e_form,1,64,56.33662800433819,4.147215321740662,0.0061735229144848,41.811598515242,40.474267068132576,34.90051187563111,0.1112647674740211,-0.0021203618900689,0.8018430644852343,0.0372017286717891,0.4399330095619603
MEGNet,megnet_emb,matbench_mp_e_form,2,64,56.60394433914526,4.144324161526933,0.0059393279565177,41.77719822605421,40.26049531874206,32.75415924387878,0.1114190612050811,0.0030783705863389,0.7850637249506374,0.037448763847351,0.45951312644090453
MEGNet,megnet_emb,matbench_mp_e_form,3,64,56.12734666152505,4.144288363306223,0.0058625141759895,41.80333244744392,39.98668647015172,33.3313822549113,0.1109668049213065,-0.0084965558552902,0.7430469457632802,0.035722903907299,0.32272070703730193
MEGNet,megnet_emb,matbench_mp_e_form,4,64,56.23827757770458,4.14876113664381,0.0060410072019698,41.86325191766183,40.09733253652739,31.772900225229947,0.1750699803941567,0.0061203072926509,1.031296574111032,0.0328975394368171,0.09878107402017926
MEGNet,megnet_hm,matbench_jdft2d,0,8,5.503349975555513,2.0686796446093263,0.439045290770012,46.12340333441958,34.67124463358945,1.2523350184066628,0.0733539462818843,0.1579339253198833,5.463599866324777,35.54682159423828,0.03519852442383656
MEGNet,megnet_hm,matbench_jdft2d,1,8,5.428656365336477,2.062654648728363,0.3672919677583304,43.197006726702725,29.050237598753952,11.177296015930194,0.1192233085509114,0.1980697219640852,6.028133909106958,53.650299072265625,0.44561372739685134
MEGNet,megnet_hm,matbench_jdft2d,2,8,5.111406579593839,2.057262512734004,0.3725744528409929,44.55717882037041,31.576706713149257,4.2225152040036855,0.1446943861014499,0.2564309307306716,4.989642311399456,72.97830200195312,0.883789556050689
MEGNet,megnet_hm,matbench_jdft2d,3,8,4.984070606447997,2.068215174080725,0.3186587613389519,46.15683780328191,36.295960639853554,1.3631521516690002,0.160720643809123,0.2527274926207463,5.043946817537467,45.44623947143555,0.259623450646758
MEGNet,megnet_hm,matbench_jdft2d,4,8,5.182245077374966,2.0686635215471427,0.3662528716360892,45.454915247506456,33.53979657482472,6.334922567498214,0.0333949407716635,0.1852072941575468,5.126833981320831,51.41798400878906,0.39500598968521894
MEGNet,megnet_hm,matbench_phonons,0,8,5.695716791041648,2.061897231444859,0.2466358650731021,34.68096992836647,25.09005820405348,6.680122183967669,0.0563523713495276,0.2273326446510372,4.137194511462659,37.15433120727539,0.7556324561014931
MEGNet,megnet_hm,matbench_phonons,1,8,6.09565842090141,2.064147460202985,0.2085871770420331,36.89903343553717,29.740382753978807,4.930360779872491,0.0905019915252312,0.1747518819155114,3.186255353847843,31.56780433654785,0.31581037016125335
MEGNet,megnet_hm,matbench_phonons,2,8,5.970036276321802,2.061678669531147,0.228207188882682,34.376555193795106,26.54873438510016,4.723317522154893,0.0664643872252137,0.1831333301795005,2.7451509166644428,31.6718807220459,0.32400420758942816
MEGNet,megnet_hm,matbench_phonons,3,8,5.943999688557419,2.078504487505966,0.2207344483045427,36.04009553502799,27.84738077130408,3.743077595417222,0.0549893666970475,0.1857806319009235,3.249921227678688,31.14019203186035,0.2821448494945862
MEGNet,megnet_hm,matbench_phonons,4,8,5.587099167322888,2.069616314003321,0.2461837638213329,36.23082740226681,27.30090926253768,3.419090239713621,0.1277473845858527,0.2279779618800231,5.530665481552698,27.55644798278809,0.0
MEGNet,megnet_hm,matbench_dielectric,0,8,5.394975299356895,2.056079170316366,0.1586990623828585,44.83055108755758,35.19187680956407,13.068619819227768,0.3118243591620341,0.2865663811577562,3.396204462471644,0.2190350592136383,0.04517127524789686
MEGNet,megnet_hm,matbench_dielectric,1,8,5.519411375311243,2.0688891365415447,0.16319593380062,43.908358889683946,34.72608243889958,7.576145942401932,0.2721380394480064,0.2523108719515887,2.8155156409340547,0.302244633436203,0.3645234046490754
MEGNet,megnet_hm,matbench_dielectric,2,8,4.709453378250019,2.0542340282927407,0.1693793101515381,46.56968163103922,36.5609182962462,9.053236004904244,0.4484474820696183,0.3164131967900164,4.2347657201842805,0.4581956267356872,0.9630516660629355
MEGNet,megnet_hm,matbench_dielectric,3,8,4.962366042661757,2.054508587740462,0.1577067796712766,45.33995907589899,35.55932293632404,10.57081201913147,0.3859886857812169,0.2545468586943351,3.3746525388922213,0.355884850025177,0.5703905485357934
MEGNet,megnet_hm,matbench_dielectric,4,8,4.858285048149459,2.039419388706108,0.1535854296251971,45.65840723695189,35.47007503905348,9.201965810169394,0.380973187597191,0.2674908179382659,4.770546139143618,0.3252992331981659,0.4530052361602164
MEGNet,megnet_hm,matbench_log_gvrh,0,8,6.158579288587551,2.0574275351522724,0.1454905904889294,44.5371271486118,34.735174212970655,19.93916213848493,0.4062429881871576,0.3245667685574587,3.104079521443584,0.095697320997715,0.1488482717321204
MEGNet,megnet_hm,matbench_log_gvrh,1,8,6.055435257323616,2.0425706368580205,0.162357635854812,44.54709381095855,34.233933625517736,19.86155759399141,0.2817769523732623,0.2506312536346055,3.028537609500205,0.0980541706085205,0.2265482343474365
MEGNet,megnet_hm,matbench_log_gvrh,2,8,6.29748601078327,2.045989387196286,0.16819346233322,44.396109737886896,35.51402475495631,12.430279417053546,0.4105792858570538,0.3235193703073768,3.303348778935364,0.0946890637278556,0.11560832641888456
MEGNet,megnet_hm,matbench_log_gvrh,3,8,6.032692815558233,2.038444101537803,0.1618189700162602,44.81140447151429,35.285765985397774,18.96846411498436,0.2800249737642636,0.2310981624669448,2.830109660530964,0.0992141291499137,0.2647894249980211
MEGNet,megnet_hm,matbench_log_gvrh,4,8,6.489482063946303,2.039069794691965,0.1458959927375366,44.59822759943537,35.62125197388183,17.706225447903908,0.3561892182380897,0.2908872684088818,2.756895657543652,0.0992723032832145,0.26670729364858187
MEGNet,megnet_hm,matbench_log_kvrh,0,8,6.325250885265804,2.0336026917969687,0.1812836924904028,46.92560618984587,39.30497044189619,10.77335435995096,0.4556530396366125,0.3183921057624919,3.726465831653433,0.0662681236863136,0.19317318585536367
MEGNet,megnet_hm,matbench_log_kvrh,1,8,6.2054900013117935,2.048378751794157,0.1681915005349622,46.72336492915535,38.31342509751135,12.217721200468878,0.4207102334575537,0.3298310335573421,3.446982713330922,0.0686960890889167,0.307383098386695
MEGNet,megnet_hm,matbench_log_kvrh,2,8,6.6152087441380125,2.042925525924539,0.1393728990235373,45.46473232770117,37.83149794115364,15.300605311046112,0.3793351631594998,0.2863731700221762,2.752720175361693,0.0671212598681449,0.2333041566673046
MEGNet,megnet_hm,matbench_log_kvrh,3,8,6.261720236844391,2.019994809796123,0.1618101971812388,45.91485821092887,36.92724513895226,12.626891707625049,0.5312283251312878,0.3488218222238183,4.516569515818157,0.0752314403653144,0.6148017695253638
MEGNet,megnet_hm,matbench_log_kvrh,4,8,6.514765047110233,2.0184929800753544,0.1723380203382315,45.8077419724025,36.73822340689274,12.533366498726547,0.3236878597111267,0.3069449401483348,3.741614009326967,0.0679202303290367,0.27088720721478643
MEGNet,megnet_hm,matbench_perovskites,0,8,6.749319375474191,2.0606180194393406,0.0992057748348307,29.96391663045382,24.82709048074416,9.43252647718464,0.1759834470164621,0.201375897247966,2.7712569922217285,0.0452129356563091,0.5280297283559929
MEGNet,megnet_hm,matbench_perovskites,1,8,6.887238717621073,2.0626390769636203,0.1071332865048136,29.893757998438765,25.096597535836075,10.937939924105022,0.2187623429970771,0.1794859510069094,2.420102893850467,0.0420187599956989,0.2737604733382491
MEGNet,megnet_hm,matbench_perovskites,2,8,6.619054042544303,2.0606939756058207,0.093568692239631,29.84660452060464,24.80349430782168,8.57217850544702,0.2137444023424044,0.1964083619779073,2.796350337837485,0.0446749813854694,0.4852064004573974
MEGNet,megnet_hm,matbench_perovskites,3,8,6.645356133082329,2.0656351532447723,0.0977311760984855,30.21683880329533,25.257342355560468,6.688076905603123,0.1514831590777509,0.1582780359087891,3.048466094226019,0.0450346283614635,0.5138357491131734
MEGNet,megnet_hm,matbench_perovskites,4,8,6.689306380305613,2.059729821581027,0.1014473358845842,30.121296323620527,25.260001943203747,8.394713722515005,0.1134583606300906,0.1305401066823141,2.631194861089809,0.04295190051198,0.34804221896282805
MEGNet,megnet_hm,matbench_mp_gap,0,8,6.648802004755282,2.0439962881703293,0.0468694417033697,45.941101324382494,38.63353637631651,6.091307935643271,0.2543479095481245,0.2255225642326782,2.588875594786168,0.2865048944950104,0.8626600415013915
MEGNet,megnet_hm,matbench_mp_gap,1,8,6.679989770230469,2.0232958810480426,0.049070150171211,45.97464635685044,38.598162894141865,5.053431938891715,0.3362114364796512,0.2166354573767932,3.24321104705091,0.2847338020801544,0.8207154049208802
MEGNet,megnet_hm,matbench_mp_gap,2,8,6.130822450167237,2.039599531126117,0.0463570770794419,47.43398694763693,38.55211418892832,6.54043398734553,0.3633806932320391,0.2428749627714176,2.833455042798189,0.2795590460300445,0.698162081280614
MEGNet,megnet_hm,matbench_mp_gap,3,8,6.89668707135293,2.045628260945717,0.0549327377764276,46.655612244097725,39.83342693451816,3.2939533106133734,0.2561973852659348,0.2312612861895293,3.661250339372755,0.2729722857475281,0.5421683770697767
MEGNet,megnet_hm,matbench_mp_gap,4,8,6.873963852832799,2.061842705717951,0.0482771553562221,45.78981023691379,38.80108920209514,3.675983264745071,0.3922307255111886,0.1759737544375688,3.4584758965261897,0.2903774678707123,0.95437387953304
MEGNet,megnet_hm,matbench_mp_e_form,0,8,6.733993285303141,1.9936770645779136,0.0445363982118308,43.84461787225273,33.42090972929466,13.576044957764198,0.4123316994084939,0.2432158974353018,3.3264316429455727,0.042295217514038,0.8436451798064878
MEGNet,megnet_hm,matbench_mp_e_form,1,8,6.800277261151616,1.9627047767454049,0.0434689453687345,43.97464116723803,32.739362194720385,17.305249660867222,0.4638200220197116,0.23671271159689,2.808329381449609,0.0424300208687782,0.8543297531085823
MEGNet,megnet_hm,matbench_mp_e_form,2,8,6.977795710327897,1.9600585195505205,0.0434791203200094,43.71729297274737,32.899114106284415,21.137684114556084,0.4360810088285539,0.2570500950408202,2.735182096745883,0.042421244084835,0.8536341013454749
MEGNet,megnet_hm,matbench_mp_e_form,3,8,6.818858393555736,1.949687990930208,0.0451124413616479,44.01235841078199,33.15922013108546,16.09726569599594,0.3223509579700847,0.2471849508942138,3.361795251188389,0.0417401678860187,0.7996517016894032
MEGNet,megnet_hm,matbench_mp_e_form,4,8,6.733340758211869,1.965187513293241,0.0438326493825742,43.99511443964734,32.369541984477024,20.85134129818244,0.3512201403644324,0.2360965030178578,2.5170228220706745,0.043384451419115,0.9299783391284586
MEGNet,megnet_hm,matbench_jdft2d,0,16,8.951851354750913,2.681532414250972,0.2024224903373908,44.49178139735468,36.67588511232477,5.044835387150985,0.2165170526765987,0.1869089561025095,3.691712308628454,36.60160827636719,0.05911108435960527
MEGNet,megnet_hm,matbench_jdft2d,1,16,9.873474781273105,2.751341922799413,0.2222478746469755,42.41872706042491,30.51371862303364,6.850166968892162,0.1020296154208638,0.137350361747214,2.8778222103979827,53.81731796264648,0.4494001320740291
MEGNet,megnet_hm,matbench_jdft2d,2,16,9.601929072200992,2.7524505599461984,0.1915565437962103,44.355941800300656,34.11417712848076,4.189946271340799,0.2736696686562757,0.2216896025245495,4.3790173688603184,70.52222442626953,0.828109006390266
MEGNet,megnet_hm,matbench_jdft2d,3,16,9.587020322444586,2.725665868093511,0.2679256361959309,43.87680615645405,34.508615086173336,1.4926791159613404,0.1885310508313224,0.1509000057505036,5.70419202084606,37.49980163574219,0.07947359263152834
MEGNet,megnet_hm,matbench_jdft2d,4,16,10.073236006553977,2.7160418651615466,0.1710294209654316,42.09665822029869,29.57160614728341,13.279215369964987,0.1461273515181412,0.210117145040182,3.4473166532157333,54.82179641723633,0.4721721784569893
MEGNet,megnet_hm,matbench_phonons,0,16,9.951416270111684,2.755352418580978,0.1191321476037298,34.19678330552408,24.007069772066032,8.09274364019293,0.0359205323074974,0.2569781039969131,4.653927240157321,36.13421630859375,0.6753197550227914
MEGNet,megnet_hm,matbench_phonons,1,16,10.718142932869164,2.743203549931927,0.1308737211124645,35.29935594239287,26.721231688618253,4.569062057804253,0.0996580117447759,0.1391501083228097,2.494411130938589,34.048526763916016,0.511115349066995
MEGNet,megnet_hm,matbench_phonons,2,16,10.400739538861831,2.742756565629638,0.1288907649813071,34.9038113727212,26.03353206246499,4.26974205145379,0.0336884316581799,0.1548661297589583,2.712374313896336,31.2317008972168,0.2893492577028396
MEGNet,megnet_hm,matbench_phonons,3,16,10.544982342215077,2.7452408680815106,0.1036599101112151,34.60044744287298,26.19549171207238,6.376547950354795,0.033437226339231,0.1773510854550213,2.517526172663143,31.015586853027344,0.27233479918220793
MEGNet,megnet_hm,matbench_phonons,4,16,10.745379352698237,2.7463458966844154,0.1424056355754956,35.889420992421655,27.89294269590177,4.845630816442181,0.0255439569707078,0.1870386345906472,2.646905598014237,28.68390655517578,0.08876376908112503
MEGNet,megnet_hm,matbench_dielectric,0,16,8.557920286140735,2.730037306407867,0.0952185279658474,44.752976137833286,35.174086174311896,8.161079700728166,0.3636820604294665,0.2762470189758677,3.2215057940582046,0.2248934805393219,0.06765545862182142
MEGNet,megnet_hm,matbench_dielectric,1,16,8.394391313353571,2.755900082470137,0.1066341905875988,44.59423208331772,33.43537737576847,8.2844555226908,0.2486352229830807,0.2298466510095448,3.847017616703187,0.3129140436649322,0.4054718040109771
MEGNet,megnet_hm,matbench_dielectric,2,16,8.372507764946928,2.733370711355358,0.1027190565571841,46.003883383063226,37.09137682459817,5.8806161557768,0.3001297875701756,0.2029553381961736,3.23264581962557,0.442432165145874,0.9025526781462856
MEGNet,megnet_hm,matbench_dielectric,3,16,8.78435386573989,2.7473044884682047,0.1063270899514851,46.63725418768131,37.72316319131859,6.083221542483848,0.3635348818304414,0.2425828928886003,4.1978462541462624,0.3425777554512024,0.5193189137143615
MEGNet,megnet_hm,matbench_dielectric,4,16,8.28173134283692,2.737968086743937,0.0913682978550775,44.88590256873717,35.60589422410038,8.134322017788492,0.4019048478636005,0.3240071141210528,4.255860488386181,0.3667110502719879,0.6119406962735409
MEGNet,megnet_hm,matbench_log_gvrh,0,16,10.62683770797243,2.5887184750834367,0.0845333759109451,43.79305603968111,33.58138850316648,24.328664083401044,0.315096251266464,0.283824877901929,2.807798158737242,0.0990026146173477,0.2578162727028445
MEGNet,megnet_hm,matbench_log_gvrh,1,16,10.223207222867012,2.514139674792438,0.086333669581273,44.1357313322964,33.12167059821609,22.547660358628043,0.3464485760771017,0.3055215392679237,2.752179614896546,0.0987881794571876,0.2507468339692653
MEGNet,megnet_hm,matbench_log_gvrh,2,16,10.416902096225954,2.561353698325455,0.0817564547780584,44.2426082375732,34.25502883005764,14.80064569814587,0.3508471845213748,0.2650565015800779,2.7373670915194146,0.0917234942317009,0.01784025588612355
MEGNet,megnet_hm,matbench_log_gvrh,3,16,10.449417145827194,2.567263281913961,0.0746537175256941,44.02580450864389,34.05868049931969,18.04822632952255,0.3285930631994976,0.3257421690599534,3.24689343805418,0.0974393039941787,0.20627748277774466
MEGNet,megnet_hm,matbench_log_gvrh,4,16,10.553851327093012,2.6287900553053074,0.0796306764155233,44.08779384522073,34.37040592351415,20.757999836066627,0.4084767525414944,0.3174377693578508,2.7150711118395017,0.0945558249950409,0.11121574892427026
MEGNet,megnet_hm,matbench_log_kvrh,0,16,10.66598832416261,2.6182812186841056,0.0947902970101075,44.98101081158738,36.6953118446466,14.63952173239198,0.2762869007740851,0.1913423708379069,3.1420022098831675,0.0679345205426216,0.2715594095624128
MEGNet,megnet_hm,matbench_log_kvrh,1,16,10.845666911955782,2.5840107296747377,0.0853705256042201,44.693725197255326,35.76556046012222,18.177743579979847,0.4125930973472486,0.312439391674051,2.75703903935564,0.0682474449276924,0.28627916899948713
MEGNet,megnet_hm,matbench_log_kvrh,2,16,10.674159985583485,2.595534664563554,0.0817386037346187,44.504888517516974,36.22814269701128,19.080384207656973,0.3304589707927677,0.2665906142102778,2.5150063295127145,0.0621614940464496,0.0
MEGNet,megnet_hm,matbench_log_kvrh,3,16,10.734752000101343,2.554643750526192,0.084028115463013,44.71695592771483,35.57640681192426,16.8595036375051,0.3536977491961415,0.3101194445562842,2.7162775180034706,0.0721549019217491,0.47008340320838277
MEGNet,megnet_hm,matbench_log_kvrh,4,16,11.113220724929386,2.59796723771837,0.0934491229391847,44.51033156130604,36.30990247316693,11.037764317690938,0.3373680144218388,0.2929577680643964,3.114233929232433,0.0668515563011169,0.22061747638486245
MEGNet,megnet_hm,matbench_perovskites,0,16,10.581367997507892,2.7113662950754778,0.0600114915495312,29.50041489119567,24.15373164108459,11.84178757008833,0.1380281830602455,0.1882751380550116,2.5795687299769416,0.0448449365794658,0.4987355188139013
MEGNet,megnet_hm,matbench_perovskites,1,16,10.234685275389594,2.711601211733062,0.0621807557772816,29.80144897349409,24.894871317309452,10.56331935082286,0.1911962744051437,0.1898682987457387,2.766998542400008,0.048707365989685,0.8062004653433125
MEGNet,megnet_hm,matbench_perovskites,2,16,10.074495663551168,2.698901386431697,0.0634705621760354,29.618806820353683,24.23309456240077,12.122731641505792,0.1927362867279177,0.2125796811748321,2.994463014360748,0.0453129708766937,0.535992935037578
MEGNet,megnet_hm,matbench_perovskites,3,16,10.552326205281496,2.7256145824378843,0.0550152911630904,30.03231276510373,25.298017983689924,9.146047716642595,0.1909151227982763,0.2064100454927729,2.721139334001613,0.0449859872460365,0.5099637203029321
MEGNet,megnet_hm,matbench_perovskites,4,16,10.285774908563496,2.72315942075386,0.0473146521748075,30.46604408811015,25.82737242452837,9.179840876839505,0.314012507145703,0.2219039927577228,2.781560391517412,0.0463507547974586,0.6186047173688839
MEGNet,megnet_hm,matbench_mp_gap,0,16,10.640598694885592,2.605027335075196,0.029700461307349,45.1685374206762,37.642100035611,10.0346173699373,0.3253648348432241,0.1633029102264771,2.431407763123895,0.2781075239181518,0.6637858020073117
MEGNet,megnet_hm,matbench_mp_gap,1,16,11.15705685253106,2.730839371604163,0.0286025057248099,45.169612510926704,38.75259942134708,11.758577576930692,0.3929667664557202,0.2044533481782722,2.7896839858924354,0.2782747447490692,0.6677460792478941
MEGNet,megnet_hm,matbench_mp_gap,2,16,10.914632452987805,2.678762383292953,0.0254391692786062,45.034511091870726,38.61649620985978,14.231213315856465,0.2569590152468877,0.2361202657524925,2.868353585816626,0.2656760513782501,0.36937225617933167
MEGNet,megnet_hm,matbench_mp_gap,3,16,11.211827324631956,2.626380234557821,0.0295660702258948,45.64363670153005,38.57731661418568,7.571945573090003,0.3802163024572692,0.1910062364005086,2.194928841588741,0.2682055532932281,0.42927824282548166
MEGNet,megnet_hm,matbench_mp_gap,4,16,10.972069993982483,2.6104036179634327,0.0281503099671448,45.22186568920052,38.39717410866143,6.678482585470699,0.2813568270309509,0.1583667212960962,2.798764162997605,0.2747836112976074,0.5850658516960525
MEGNet,megnet_hm,matbench_mp_e_form,0,16,11.589916344008511,2.579253544408762,0.0269570004141367,43.313301804809065,32.399045003777545,18.258999723106804,0.3680719548862478,0.2043762267085394,2.64377115681214,0.0391453765332698,0.593987395593177
MEGNet,megnet_hm,matbench_mp_e_form,1,16,11.582544966847122,2.6046697410109214,0.0282666251560705,43.124299846669714,31.899623776317625,22.31061500918944,0.391434224308492,0.2276628313368418,2.4677723684157526,0.0321328565478324,0.038171971257412673
MEGNet,megnet_hm,matbench_mp_e_form,2,16,12.010218405343371,2.599835546188551,0.0282777010652941,43.45986452532762,33.363444102931744,17.773953832145743,0.3308527131782945,0.2033266971520842,2.675489186860152,0.0362121574580669,0.3614991590763056
MEGNet,megnet_hm,matbench_mp_e_form,3,16,11.793443283551609,2.614469603219031,0.0281325885126568,43.05708129282585,32.75287340037455,25.732198494304008,0.3522580167918038,0.247838079989106,2.796328659086176,0.0355830118060112,0.31163279744132655
MEGNet,megnet_hm,matbench_mp_e_form,4,16,12.050574794435596,2.6276929064973413,0.0273173340294126,43.14786670774532,32.167300557205145,21.85263369696592,0.3237712683315017,0.2443805766257363,2.594841716904923,0.0357566550374031,0.3253958364828619
MEGNet,megnet_hm,matbench_jdft2d,0,32,17.000762058568853,3.442650892889543,0.1389673768978092,43.97174622174507,34.04282912303434,0.5442333012088535,0.2565377176015473,0.1786799717927824,4.086258776553369,34.29041290283203,0.0067150891983991995
MEGNet,megnet_hm,matbench_jdft2d,1,32,17.2520117714674,3.427092973623693,0.0928073410932288,41.8766918889695,29.20993836893853,13.198347979254464,0.168845151333768,0.1566898838072963,2.8694803845500885,58.946075439453125,0.5656717182042498
MEGNet,megnet_hm,matbench_jdft2d,2,32,16.766675376988225,3.431968963234182,0.1063351118922278,43.01060353360976,31.356509259392507,8.513084182826105,0.133194351234418,0.176955348565368,2.915117073219519,72.61417388916016,0.8755345832974436
MEGNet,megnet_hm,matbench_jdft2d,3,32,17.621699365186142,3.4288346411841437,0.1158669994309174,42.68342596195459,32.99088098810667,3.632730605176676,0.2572356878543602,0.1561549295982189,4.4505647319238575,33.99420928955078,0.0
MEGNet,megnet_hm,matbench_jdft2d,4,32,16.15890601600537,3.4368456954756392,0.1115246705514675,44.07633934813223,33.075758241299795,8.236498837461005,0.1482710185373426,0.1757340295077326,3.565262781901185,53.33243179321289,0.4384075116844697
MEGNet,megnet_hm,matbench_phonons,0,32,16.291549037161644,3.44517015325342,0.068443881580773,34.177383729160496,25.437044094311982,6.983397399384963,0.1053192111884838,0.1677246392211795,2.7788102994550945,36.346981048583984,0.6920705259261543
MEGNet,megnet_hm,matbench_phonons,1,32,17.534808174872918,3.447810702112193,0.076620649875066,35.33078069549266,28.552384211095934,2.26944289021903,0.1518416712479384,0.1162468027273898,3.371515446044876,33.763973236083984,0.4887127133921326
MEGNet,megnet_hm,matbench_phonons,2,32,17.495364161079355,3.4396217019867645,0.0874904092323873,34.508844681891624,27.298555622290166,2.3174441782711863,0.0908908653966117,0.1395165636028638,2.462778893892327,35.508758544921875,0.6260780446271773
MEGNet,megnet_hm,matbench_phonons,3,32,17.361314642325304,3.4503818940686437,0.0857370784111463,35.51307216289755,28.43179191912809,1.651924888702048,0.1491442542787286,0.1419278114973428,3.697596521763226,33.169490814208984,0.44190966296487905
MEGNet,megnet_hm,matbench_phonons,4,32,17.06908423746512,3.4458705344323217,0.1055935890348661,34.9077801827224,26.776107322674147,3.0721002947543816,0.0249521181843751,0.1436185280924129,2.5269443576497728,31.989294052124023,0.34899386505831237
MEGNet,megnet_hm,matbench_dielectric,0,32,16.12095234598216,3.407370434809794,0.0448203211239833,42.94426980959901,34.10217503347544,15.036643752419304,0.478522078702313,0.2712290000224918,2.6489010453238038,0.2072653472423553,0.0
MEGNet,megnet_hm,matbench_dielectric,1,32,15.419741986639288,3.396071232272964,0.0477881748539898,42.83796939195309,33.67465458850765,14.577074332103196,0.351504946327089,0.2304367428145299,3.127800713795521,0.3075746595859527,0.38497964681339286
MEGNet,megnet_hm,matbench_dielectric,2,32,15.497862356035805,3.438472381047624,0.0536613637604987,44.44975197915295,36.70104788974255,11.912350042842537,0.3874702780936627,0.221553746613815,2.8645992371457147,0.4348369240760803,0.8734027103497175
MEGNet,megnet_hm,matbench_dielectric,3,32,15.605780229451426,3.412538879447926,0.0441431898768171,42.83471394884788,35.549303890937615,12.545052275085729,0.3004521277387362,0.2512532675497105,2.641505912475292,0.3434158265590668,0.5225353680152839
MEGNet,megnet_hm,matbench_dielectric,4,32,15.622667726391368,3.4228105103803563,0.0482206091939856,43.25170719250832,35.54835088334207,13.643747296844602,0.3389790629514123,0.2509022414347845,3.102249652261956,0.3269305825233459,0.4592662329945462
MEGNet,megnet_hm,matbench_log_gvrh,0,32,18.773165609372075,3.4024336552159955,0.0456200309470679,43.036872196676335,33.95502717477294,26.44702698882312,0.3737844898999554,0.2701464532429851,2.1091129410959795,0.0943138599395752,0.10323871225731375
MEGNet,megnet_hm,matbench_log_gvrh,1,32,18.416531689542055,3.4207208013145745,0.0479582267266201,43.43215949554457,34.91361951680672,23.79857108548345,0.4333373415100137,0.2012796024763197,2.301199328701361,0.0959092229604721,0.15583419671810728
MEGNet,megnet_hm,matbench_log_gvrh,2,32,18.939348547737005,3.378621302647252,0.0490092113759436,43.50992280437946,36.12257554628256,19.449098734169493,0.4264528902519507,0.2691130460380415,2.187731802414424,0.0916943252086639,0.016878619645478786
MEGNet,megnet_hm,matbench_log_gvrh,3,32,19.200962089822124,3.399559753348264,0.0515606680813144,43.51916485447484,35.81355677178263,23.342895926988664,0.3694972665346633,0.2312073312142616,2.326679829681717,0.0932576432824134,0.06841765519924484
MEGNet,megnet_hm,matbench_log_gvrh,4,32,18.558627551789417,3.4185869718859587,0.0495297963502804,43.26926027406912,35.69322147166527,23.310876681492665,0.3748777544929192,0.2792903148007801,2.1647587031538147,0.0924016311764717,0.04019688611623296
MEGNet,megnet_hm,matbench_log_kvrh,0,32,19.15599759117279,3.397903014830472,0.0568518104502887,43.92897371291491,36.73831617777992,22.341610361812204,0.4833507576576901,0.2217742919531328,2.418855465880377,0.0664299428462982,0.20078505383664566
MEGNet,megnet_hm,matbench_log_kvrh,1,32,18.42394326445833,3.3867540794543016,0.0552857735517987,44.15585145588342,36.80233898899692,17.411687291663704,0.498264370091731,0.2193824905872584,2.48255403697495,0.065232902765274,0.14447706740335614
MEGNet,megnet_hm,matbench_log_kvrh,2,32,18.885829807355822,3.3849271706746062,0.0553525905943781,44.26154992543759,36.290891602633295,14.045922756958475,0.6468961605275286,0.2428200027504945,3.086659791019146,0.0624925605952739,0.015573155013961495
MEGNet,megnet_hm,matbench_log_kvrh,3,32,19.00496866706685,3.3813567147737857,0.0669493339528493,44.50721348366523,37.09527674446062,18.95786356650348,0.4512276211625077,0.2576341150286872,2.57372332531236,0.0703712925314903,0.3861835781807609
MEGNet,megnet_hm,matbench_log_kvrh,4,32,18.997288718011927,3.3962854407556966,0.0594605718625673,44.20593064863973,36.64127327665327,18.736921621095654,0.5151456536036211,0.2105122591369558,2.3770550833662187,0.0656529515981674,0.16423589115439016
MEGNet,megnet_hm,matbench_perovskites,0,32,17.493251429635194,3.3737626568802765,0.0330867939447133,29.42637015318616,25.36787109502284,8.353324820999738,0.2185784800110526,0.1818941678534797,2.281762929349408,0.0406101420521736,0.1616288083451028
MEGNet,megnet_hm,matbench_perovskites,1,32,17.596272931982917,3.389356617139169,0.0330713906474888,29.3669395667183,25.161436636362588,8.593784701373863,0.1589755815141504,0.1499392960500835,2.367003111068767,0.0413478128612041,0.2203503775354113
MEGNet,megnet_hm,matbench_perovskites,2,32,17.248747540937224,3.39038034037432,0.0347167251802685,29.31890790816553,25.03269306851061,9.79788006778612,0.2276315301849266,0.1534660963088958,2.176488483627772,0.0405105650424957,0.15370207708234637
MEGNet,megnet_hm,matbench_perovskites,3,32,17.447560786704447,3.394080386712208,0.0328871813199092,29.348325499359376,25.392917125343505,9.459312680534383,0.2681837032940991,0.1828551610708851,2.148266522166139,0.0385797321796417,0.0
MEGNet,megnet_hm,matbench_perovskites,4,32,17.469961497220012,3.3820924462714634,0.0331938394356823,29.48596891403136,25.559944373656812,8.738931325660458,0.1234604257972872,0.1367060593238168,2.078361085379027,0.0407325588166713,0.17137367613504983
MEGNet,megnet_hm,matbench_mp_gap,0,32,17.121051847700908,3.296510480070918,0.0169445735488949,44.532835004572114,38.87137600840172,15.761553265299604,0.3230978019608589,0.190288790559301,1.8362921865489763,0.2819198668003082,0.7540732061941541
MEGNet,megnet_hm,matbench_mp_gap,1,32,17.084758971840387,3.262450614887294,0.0175055083565296,44.5922007305433,38.55031544368267,15.140081917742013,0.2574037938220965,0.1545859480491857,2.4322297289941077,0.262685477733612,0.29854674552871835
MEGNet,megnet_hm,matbench_mp_gap,2,32,17.513087802722502,3.3050622080203085,0.0165742615893903,44.51204480826841,38.59611672341502,15.614625831335504,0.3427116081021927,0.1822384480220042,2.022202060986796,0.2791180908679962,0.6877189762990368
MEGNet,megnet_hm,matbench_mp_gap,3,32,17.366668468796675,3.2609213506450554,0.0175262575251205,45.11043507377117,39.200837255299824,10.343071896281362,0.4017799530053447,0.1946108208603797,2.693457042583877,0.2755661010742187,0.6035974929772302
MEGNet,megnet_hm,matbench_mp_gap,4,32,18.046781181363688,3.349540919169121,0.0160990331892781,44.83561683703347,38.48182859767604,17.212711277962725,0.2558656427545732,0.1587368656961121,2.210535294013644,0.2923040091991424,1.0
MEGNet,megnet_hm,matbench_mp_e_form,0,32,18.76476030232988,3.18936260106362,0.0163480067755604,42.91937908441326,32.44156763911644,18.554990654074075,0.4062900905804144,0.1813080986426215,2.210495723480581,0.0362151861190795,0.36173921208284016
MEGNet,megnet_hm,matbench_mp_e_form,1,32,19.65283379368423,3.2681538411452413,0.015868606982495,42.91207235089121,32.66408483939978,19.568027550172825,0.2986296560975915,0.2014732951999154,1.8837316112133489,0.0379595309495925,0.49999675205033683
MEGNet,megnet_hm,matbench_mp_e_form,2,32,18.908206726898108,3.3287363821147875,0.0157714254962365,42.60865392413286,32.73168588327465,24.67252079253916,0.3784606103526511,0.183851260304794,1.8403428563019009,0.0331404879689216,0.1180372817377806
MEGNet,megnet_hm,matbench_mp_e_form,3,32,19.413946177280717,3.3256890696328427,0.016129748158012,42.91961074705693,33.64946969784987,20.164698779918588,0.39397334363531,0.1946687177820476,1.910822756380247,0.0330711975693702,0.11254529413431809
MEGNet,megnet_hm,matbench_mp_e_form,4,32,19.806959424210717,3.3051372653823328,0.0166153904380333,42.90404434060616,33.24892100475502,23.12274937124821,0.3557062767083546,0.1918256734254506,1.881976959860152,0.038706712424755,0.5592186850410009
MEGNet,megnet_hm,matbench_jdft2d,0,64,24.29569116136354,4.105803604099217,0.0740623847070728,43.58410976511883,35.70107476155247,4.469636878321658,0.3082155731894925,0.2000007251976742,2.681287638861983,35.8297119140625,0.04161179436993804
MEGNet,megnet_hm,matbench_jdft2d,1,64,24.04444146280067,4.130589445901236,0.0605663119191825,44.26515409361139,35.86944847842478,2.727408670847705,0.2836310711784243,0.1775649117071271,4.013986622715454,55.75334167480469,0.49329079152055677
MEGNet,megnet_hm,matbench_jdft2d,2,64,23.928808481156143,4.125847726347464,0.0542770571110232,43.862301053637175,36.51814777050205,0.6837094006238681,0.1486582054341195,0.1148162999838899,3.755945492806723,71.87427520751953,0.8587606972872244
MEGNet,megnet_hm,matbench_jdft2d,3,64,23.13770122597377,4.122514355183037,0.0634844833527752,42.18131320162431,34.501228975098066,5.7225986699547375,0.1653651141167687,0.157784564922033,2.9530506215926184,37.88687133789063,0.08824866308773045
MEGNet,megnet_hm,matbench_jdft2d,4,64,23.55073460923188,4.129145337341641,0.070727068193268,45.57715282933089,37.63004123471766,2.906599306346866,0.212498822516182,0.156922975250508,3.274724969041867,52.14669036865234,0.41152613996872134
MEGNet,megnet_hm,matbench_phonons,0,64,23.956021288139024,4.133241698677312,0.0408055493883548,33.50012226291982,25.93747708587294,7.4661276461327795,0.0114746052142732,0.1659419456385133,2.166550979138499,36.25010681152344,0.6844437069733815
MEGNet,megnet_hm,matbench_phonons,1,64,24.50107788679542,4.138815836618022,0.0452355995408438,35.241680855202944,28.80730317834241,1.7264821588772163,0.1069202290921747,0.1426712603284817,3.594199426994133,32.47251892089844,0.3870377113836918
MEGNet,megnet_hm,matbench_phonons,2,64,23.9117415298927,4.135951008492963,0.0455433659799282,34.139881773550755,27.41168394738444,1.733234674978041,0.0749464336155759,0.1321265210677905,2.1046901608445423,34.972835540771484,0.5838853229159708
MEGNet,megnet_hm,matbench_phonons,3,64,24.235696799412576,4.136011112805306,0.0460724566605485,34.97071336605057,28.382120593359048,1.8327666444895123,0.0479535273971032,0.158966322850351,3.455111861562682,33.33399200439453,0.45486068929685064
MEGNet,megnet_hm,matbench_phonons,4,64,24.834428922875723,4.135439397517828,0.0638163879349571,35.30089088917739,28.918802940952887,1.395935141342328,0.1012496575167526,0.1417274512200107,3.256711586569101,35.0939826965332,0.5934231262749846
MEGNet,megnet_hm,matbench_dielectric,0,64,21.962649391413454,4.086496114289327,0.0257988785440206,42.95261397012312,35.72496616903152,15.75431734994708,0.3733461917390696,0.2116802492763012,2.5000145363363315,0.2130202800035476,0.022087001994885648
MEGNet,megnet_hm,matbench_dielectric,1,64,21.699281907853905,4.084157388152413,0.0287709333117802,41.78479770386489,33.83063770112965,15.300341019990514,0.3526927751190063,0.2387403356355395,2.626545030618241,0.3022615611553192,0.3645883719703984
MEGNet,megnet_hm,matbench_dielectric,2,64,20.744841455335266,4.0978750762390685,0.0317962647072364,43.60571881232705,35.99253382316947,12.633750999808276,0.3875119543871688,0.238324758349437,2.833672701787144,0.4501666128635406,0.9322369106574656
MEGNet,megnet_hm,matbench_dielectric,3,64,21.774448394340563,4.085904735389065,0.0246079727349518,42.569522166135016,35.241787398572605,16.978329376951596,0.3561141513002895,0.2183586183307183,2.396732556396393,0.3334436416625976,0.48426286738991603
MEGNet,megnet_hm,matbench_dielectric,4,64,22.12603776679643,4.10980915206035,0.0268101643379616,42.12687751872711,33.753581223762545,18.643037060432835,0.4548328463399664,0.2238940957536468,2.8000133357500614,0.3654540181159973,0.6071163007698743
MEGNet,megnet_hm,matbench_log_gvrh,0,64,25.44778751774833,4.050916699017483,0.0280325256618708,43.17829034937442,35.339968317778144,26.346479929078424,0.3285553575265759,0.2179186746970761,2.1242604635936324,0.0911823511123657,0.0
MEGNet,megnet_hm,matbench_log_gvrh,1,64,25.259724846921223,4.06834867891792,0.0272304907869485,43.336130996296525,35.93779742283037,20.67582909513661,0.4306331296622558,0.2503916607033502,2.1688492846679064,0.0962844565510749,0.16820479339435565
MEGNet,megnet_hm,matbench_log_gvrh,2,64,24.28674329894409,4.03950093760259,0.0246188533687,43.18190584964526,33.67246532274109,23.0076406988829,0.3594149298198302,0.256479174111981,2.2816677530689904,0.0913755893707275,0.006370625169176294
MEGNet,megnet_hm,matbench_log_gvrh,3,64,25.165598896009392,4.059986136745748,0.0283310363855229,43.228260495816166,34.935670055985554,23.378079416799316,0.3513571709034718,0.2533955689907782,2.028888695324881,0.0986748337745666,0.24701008502190694
MEGNet,megnet_hm,matbench_log_gvrh,4,64,25.28834779092629,4.086980670030208,0.0268052372323701,43.377755764593175,36.6419557659063,19.505325178856776,0.3621846534467893,0.2428329020391438,2.194171001405881,0.0972475185990333,0.1999547551990985
MEGNet,megnet_hm,matbench_log_kvrh,0,64,26.573738741985565,4.0776423526363565,0.0295561719983327,43.98790088703022,37.36508360614015,18.70295197449339,0.3953814522827226,0.1873375893115017,2.015745207282894,0.065236784517765,0.1446596625144684
MEGNet,megnet_hm,matbench_log_kvrh,1,64,26.799347656377662,4.087944264259592,0.0304724436073515,44.0037271260174,37.814887236324985,19.4476769945376,0.4130536881231297,0.1900612771196343,2.0210498200947384,0.0698580890893936,0.36204282223349693
MEGNet,megnet_hm,matbench_log_kvrh,2,64,25.9072688557158,4.070204468266639,0.0320134006085508,44.068863154738416,36.89895056496992,15.46086031826406,0.4456628367936572,0.1831650616599496,2.084193157008384,0.0669507086277008,0.22528153730364026
MEGNet,megnet_hm,matbench_log_kvrh,3,64,25.943002433483265,4.068047667585681,0.0288742269507042,43.50917410921468,35.82831952855314,17.42283270362169,0.3346606805907997,0.2303911241112217,2.1332363924685045,0.0705750361084938,0.39576754345614873
MEGNet,megnet_hm,matbench_log_kvrh,4,64,26.25592621413753,4.088235255129529,0.030757096339306,44.13024533862861,38.16537009293185,19.00160575570243,0.5096827197683972,0.1839277824756589,2.161064911520427,0.0690255090594291,0.3228787994283814
MEGNet,megnet_hm,matbench_perovskites,0,64,22.42884744165742,4.097968234408174,0.0188778497767307,29.595527986913243,25.9143584867782,7.173851231944574,0.2073033415905902,0.1269339368166926,2.131360411909035,0.0399684123694896,0.11054453945186905
MEGNet,megnet_hm,matbench_perovskites,1,64,22.472362241936796,4.106007261327425,0.0190588816643675,29.412302105933016,25.39870885150783,9.205897422106975,0.0948103887221187,0.1005834942178463,2.296393716334902,0.0406812280416488,0.16728753958175802
MEGNet,megnet_hm,matbench_perovskites,2,64,22.2417006678765,4.110453057415168,0.0184649674530739,29.720129028413123,25.92408987799458,7.074006305632259,0.1002895841263569,0.1239940306715518,2.58605387818256,0.039883516728878,0.10378650433227207
MEGNet,megnet_hm,matbench_perovskites,3,64,22.539099097110636,4.119943010812738,0.0194828354217351,29.409646844282616,25.510649802436035,9.754368410163083,0.248742389737224,0.1727362776797158,2.629907243612322,0.039680391550064,0.08761692151023151
MEGNet,megnet_hm,matbench_perovskites,4,64,22.57514165541834,4.110959719359071,0.0189694147670912,29.58016531495008,25.82576738897288,8.460550111504753,0.1079453830086471,0.1435239130270743,2.108876857904921,0.0385954827070236,0.0012538054537571826
MEGNet,megnet_hm,matbench_mp_gap,0,64,25.16781460009552,3.8722793182447295,0.0105581831410428,43.79828808859904,38.88000342980919,17.271998564811916,0.3868941095838251,0.1643067259850679,1.865673773007043,0.280945211648941,0.7309905280840188
MEGNet,megnet_hm,matbench_mp_gap,1,64,24.89605165110681,3.8948883213708574,0.0101114032282785,43.64485405924516,38.50959841307966,21.191858218605063,0.226378521054151,0.1470140834058601,1.6940203804070044,0.2701964676380157,0.4764289041656661
MEGNet,megnet_hm,matbench_mp_gap,2,64,24.65484690552316,3.849742086791813,0.0101859746395157,43.95046672055077,38.76814513647365,22.20783592321939,0.3474992661791544,0.19478433659297,1.941525256179016,0.2650614380836487,0.35481641986984985
MEGNet,megnet_hm,matbench_mp_gap,3,64,24.549833583452507,3.9016458826792793,0.0100985244356649,43.97878452405512,38.673940110441286,16.77952205506453,0.3240237615736343,0.1720284972262278,2.191646051137102,0.2502917647361755,0.005027455851835905
MEGNet,megnet_hm,matbench_mp_gap,4,64,25.499396090746004,3.8632594834216087,0.0100257954276678,44.01567253691875,38.95565529547304,16.801661020718754,0.2801848231739826,0.1774014302720654,1.8940777078338047,0.271128237247467,0.49849592749961114
MEGNet,megnet_hm,matbench_mp_e_form,0,64,27.02061703600646,3.8689319276569902,0.010491485041614,42.768694737029016,33.97528702621469,25.99034108759537,0.3605498697080705,0.2021590137785398,1.9737169275417648,0.0319565087556839,0.024194567538458434
MEGNet,megnet_hm,matbench_mp_e_form,1,64,26.389406722853582,3.860909511517069,0.0097287325789744,42.75435982932884,33.72422839377887,25.69853855131155,0.3681532919900479,0.2067593911023662,1.8371650741034569,0.0372528135776519,0.4439820217128347
MEGNet,megnet_hm,matbench_mp_e_form,2,64,27.0407071685519,3.8362619950826935,0.0110221268771823,42.78415508032366,34.70740442567114,23.223683918533528,0.329895820985947,0.1628511375121357,1.7585851530145469,0.0383766032755374,0.533054088400917
MEGNet,megnet_hm,matbench_mp_e_form,3,64,26.13398116798308,3.850443607930419,0.0099877266012081,42.94727045007867,34.61705548577331,23.02586231842556,0.3266985447524265,0.1823409992780692,1.710499502710905,0.0360947288572788,0.35219171642919284
MEGNet,megnet_hm,matbench_mp_e_form,4,64,26.34694166165765,3.9011544879770312,0.0100350022493046,42.85968441646619,34.58450818655895,24.899476009860727,0.4099604616797795,0.1922709560060417,1.950263922750728,0.0347906686365604,0.2488313286594344
