Model,Method,Task,Fold,Dimension,Effective_Rank,Embedding_Entropy,Inverse_Squared_Distance,Spectral_Radius,Spectral_Gap,Fiedler_Value,ARI,Silhouette,QCI,MAE
MEGNet,megnet_emb,matbench_jdft2d,0,8,7.870319173149717,2.066857112374029,0.043019599405253836,39.31297749546157,35.36595203275764,22.362099160958607,-0.02081171544166592,0.11079956091895243,1.5933729059102588,39.00766372680664
MEGNet,megnet_emb,matbench_jdft2d,1,8,7.853996712371502,2.0729078568433508,0.04131427418164825,39.00915919637648,34.63261631246019,22.21763828033907,-0.004384976688562664,0.09181174352115905,1.771577213610769,58.78205108642578
MEGNet,megnet_emb,matbench_jdft2d,2,8,7.876802418437706,2.070898614639982,0.04394067185285063,39.422286598610846,35.575492086247415,21.231687080955528,-0.01077355460385439,0.10446053728558609,1.5430209957324423,78.10436248779297
MEGNet,megnet_emb,matbench_jdft2d,3,8,7.8947115458554045,2.0620926200422596,0.042642352853978875,38.50817663564826,34.84125909876679,22.253132351387425,0.0030046788917684015,0.09289339365125752,1.651559514014971,44.923221588134766
MEGNet,megnet_emb,matbench_jdft2d,4,8,7.863148722334297,2.0678387578153794,0.04466451785217551,39.461326627450184,35.49491269094432,23.270531313758628,0.010098337355910163,0.10571073894802484,1.5427538113478325,52.37869644165039
MEGNet,megnet_emb,matbench_phonons,0,8,7.860807409386492,2.0712495283594197,0.039718070417227434,32.06467103819793,28.966112551879007,18.589328270876685,-0.032232978466654155,0.1340089750820674,1.6010270287865525,35.297203063964844
MEGNet,megnet_emb,matbench_phonons,1,8,7.887490972841225,2.064036680668564,0.039725048205977394,32.756909375154194,29.55904797027841,19.409073891148978,0.01605685706764938,0.07588110101113518,1.6642494177155052,35.19483184814453
MEGNet,megnet_emb,matbench_phonons,2,8,7.868921635468445,2.054861403588978,0.04681997027349514,32.15557153845438,29.45215960865959,21.42011538776806,-0.005947662949873955,0.08341898147475703,1.7816687027372207,34.863136291503906
MEGNet,megnet_emb,matbench_phonons,3,8,7.897061799110865,2.074748137276823,0.04476283868397762,32.63965978350512,29.875098404341905,21.80514033381577,-0.0394659191501918,0.11229852733947104,1.5590232696125415,34.555877685546875
MEGNet,megnet_emb,matbench_phonons,4,8,7.870112292873171,2.0590801415589985,0.044477767504123904,33.094246111045386,30.070179885648166,16.92064219899469,0.01927818874691773,0.10557869796052176,1.7040574742391807,32.990089416503906
MEGNet,megnet_emb,matbench_dielectric,0,8,7.893125435248877,2.0682989896187967,0.04194042711865306,40.84185609396731,36.82081765167818,25.128480133538798,-0.012243472784791876,0.10502977002595207,1.5271275596328882,0.2428307086229324
MEGNet,megnet_emb,matbench_dielectric,1,8,7.864248260286193,2.0626177899260414,0.046442848690731196,40.691004640059546,36.7439122356568,20.979252460471713,0.03654761307635397,0.11529700542280645,1.621309765116708,0.3290224373340606
MEGNet,megnet_emb,matbench_dielectric,2,8,7.81721994894923,2.0673331127188024,0.04094616636167419,40.774433470660384,36.140661899505545,26.971142312171754,0.0204919096804546,0.12308249912230178,1.5663810041625512,0.467822790145874
MEGNet,megnet_emb,matbench_dielectric,3,8,7.884701119777475,2.0605766869854194,0.040534456078910965,41.38496382025677,37.52845570978575,24.655192269984266,-0.006010780387620834,0.080944627075347,1.5709532217164948,0.3683082461357116
MEGNet,megnet_emb,matbench_dielectric,4,8,7.894521333828879,2.0631234445808984,0.04523834322679099,40.68842089550419,36.90808945398532,22.390456569910558,0.014888451353224377,0.1077945763903693,1.7730977500002396,0.3589948117733001
MEGNet,megnet_emb,matbench_log_gvrh,0,8,7.920278594671934,2.072386847148687,0.041537317859290934,43.12567729232069,39.31970172038318,25.615440389375184,0.03726750453732891,0.06345705033433006,1.4576239725415605,0.1120756790041923
MEGNet,megnet_emb,matbench_log_gvrh,1,8,7.888514671753513,2.0739667246063407,0.0413042877675782,42.912804900746735,38.42845822065196,28.077685323822195,0.02844141069397042,0.09869505857299335,1.469341723391117,0.1089581698179245
MEGNet,megnet_emb,matbench_log_gvrh,2,8,7.91261044131125,2.0672512831448078,0.043064465072425305,42.8792696763677,38.76990669786406,28.96657131631739,0.02402021083819425,0.11257262212576818,1.6100857814269198,0.1081172600388526
MEGNet,megnet_emb,matbench_log_gvrh,3,8,7.894277620917757,2.0729169829649816,0.04223990333368846,43.00534011338146,38.74748992718083,26.6474625196537,0.0785063828017797,0.10965902340741292,1.440858940100862,0.1079729795455932
MEGNet,megnet_emb,matbench_log_gvrh,4,8,7.88233407756386,2.0590461908417157,0.04261611839536629,43.31740910500988,39.12311202503132,25.017751454538683,0.0038335974858102707,0.07054223669754907,1.6543181216706895,0.1215150505304336
MEGNet,megnet_emb,matbench_log_kvrh,0,8,7.927973679091006,2.0712199689953015,0.042778490993585896,42.86916672643079,38.74369147118294,28.231838834040136,0.03542409220642659,0.08553313679563879,1.399231929716331,0.0731312558054924
MEGNet,megnet_emb,matbench_log_kvrh,1,8,7.906756775716598,2.0577251823425575,0.04076120548200958,43.321543340522254,39.16720546315747,26.336703213856715,0.04524989061551707,0.09249820760866408,1.4660065830358835,0.0775051340460777
MEGNet,megnet_emb,matbench_log_kvrh,2,8,7.867016173038925,2.056707720704868,0.03690793359359094,42.907123488366736,38.30374988950463,28.292643958655376,0.04436860068259386,0.10552889896903347,1.4772545799861372,0.0720731988549232
MEGNet,megnet_emb,matbench_log_kvrh,3,8,7.924718735914709,2.0739467021902716,0.043982233560482996,43.01438923617865,39.14536969930533,26.176625019776804,0.09596307243794792,0.07783255914960482,1.488355479216959,0.077921561896801
MEGNet,megnet_emb,matbench_log_kvrh,4,8,7.903441874659545,2.0636718628984334,0.04681648456101474,43.28964279875356,39.2990950326829,22.648477731455277,0.0749066699012116,0.08793481410530227,1.7836062123616547,0.0767992883920669
MEGNet,megnet_emb,matbench_perovskites,0,8,7.839019580320162,2.0539444727016,0.03895192964675206,28.76259985796159,25.862904964668264,16.375280734391232,0.052975705795850904,0.0974301168997561,1.672479704837386,0.0511419102549552
MEGNet,megnet_emb,matbench_perovskites,1,8,7.88799486230263,2.0567019261961845,0.040961756068454945,28.773031297379926,26.42660511098105,16.93650742311272,0.03904799629659678,0.10273653129969992,1.9367973361191244,0.0494113825261592
MEGNet,megnet_emb,matbench_perovskites,2,8,7.836891789986179,2.0498817915973553,0.04089022819402692,28.726033926969844,25.773707701077143,17.094672704920278,0.12969617029018465,0.10406566446883721,2.044453132854699,0.0497732795774936
MEGNet,megnet_emb,matbench_perovskites,3,8,7.852147731631444,2.0692212462605686,0.04604541448431178,28.35576434450838,25.174276639133648,19.023329074046902,0.043830286885964145,0.11799432170561557,1.5824016031084966,0.0438598617911338
MEGNet,megnet_emb,matbench_perovskites,4,8,7.851337858254339,2.0701454183441883,0.04302894754977004,28.517133029650633,25.791135587479882,17.2567385968305,0.07081894814321515,0.10221913473269191,1.489637850576642,0.0485672652721405
MEGNet,megnet_emb,matbench_mp_gap,0,8,7.888148992875865,2.0585935559071054,0.04124408128882044,43.26377558140383,39.154727068207634,25.78914938855392,0.05610397477730508,0.10428882792293248,1.81443921850009,0.2591058015823364
MEGNet,megnet_emb,matbench_mp_gap,1,8,7.849529416308365,2.0687541587711986,0.04160687418759954,43.62019944377789,39.414942359930045,20.11387477050661,0.06692083176225788,0.11206788101161519,1.6217809624207293,0.2663636207580566
MEGNet,megnet_emb,matbench_mp_gap,2,8,7.830074362212779,2.0733041695339818,0.03899355062114192,43.337694925615416,38.64869654868126,15.65458359909885,0.09920909473227246,0.09906070311084093,1.615323156089529,0.2610806226730346
MEGNet,megnet_emb,matbench_mp_gap,3,8,7.901603529897923,2.0775964403686347,0.04273587624044761,43.51680930517465,40.01838611542055,18.296498078577773,0.05489480817215742,0.08109597887914002,1.8873174068376466,0.2754223942756653
MEGNet,megnet_emb,matbench_mp_gap,4,8,7.847033895683854,2.072742190963194,0.04045328155152886,43.61778287082791,39.12092716024439,22.29380466942333,0.038405708626700855,0.13407195159271137,1.7384631245588502,0.2725534737110138
MEGNet,megnet_emb,matbench_mp_e_form,0,8,7.8925146260301675,2.073678238677164,0.03768834544335862,42.90749333711545,37.53346478470963,26.664691623140065,0.10724557740041764,0.1252724483451838,2.046519463534009,0.0376448631286621
MEGNet,megnet_emb,matbench_mp_e_form,1,8,7.900371418668353,2.0722800940433483,0.03868800553229933,43.40509035311685,38.73409680728392,21.141129966916502,0.1191477203151149,0.1476158364272207,1.669938838811337,0.037931028753519
MEGNet,megnet_emb,matbench_mp_e_form,2,8,7.8862044722865265,2.062084700709944,0.04025855596112264,43.09879950074275,38.12439347877248,21.046983608356758,0.06587110875792504,0.09268309147198968,1.4650703916372623,0.043242409825325
MEGNet,megnet_emb,matbench_mp_e_form,3,8,7.887767952891619,2.068079422674481,0.043545009891876034,43.510323992132726,38.72194469111901,25.12048004799447,0.12707057807159222,0.11912327260640239,1.8662433071442817,0.0442678891122341
MEGNet,megnet_emb,matbench_mp_e_form,4,8,7.880945594525745,2.073462229132913,0.04117709683572978,43.22353375222374,38.153486930272344,25.219819172163263,0.2664440190608072,0.10882902463486024,1.8104326655464291,0.0356731340289115
MEGNet,megnet_emb,matbench_jdft2d,0,16,15.465107000638568,2.7555516022822846,0.021605171485669608,38.935363447057924,36.46509682961342,25.65147538738893,-0.004420343861632957,0.06390454958308607,1.3482611972591323,39.722747802734375
MEGNet,megnet_emb,matbench_jdft2d,1,16,15.526212524992209,2.7587351164215734,0.02319052229073275,38.49485128557549,36.2273213830854,26.248378715347375,-0.0002982848620432513,0.046866400558303406,1.1517393074615516,57.55757522583008
MEGNet,megnet_emb,matbench_jdft2d,2,16,15.62265864619332,2.763909969821916,0.02059699198468133,38.25583486719525,36.21783391917652,22.569726713007153,0.06014238743734487,0.0495777994711064,1.6628914051302985,76.45894622802734
MEGNet,megnet_emb,matbench_jdft2d,3,16,15.502191478114739,2.761352712157403,0.02000669573065594,37.82664182320678,35.60305945308592,24.67388563715182,0.0202401157855326,0.034601268293245925,1.2461854719001513,48.46316146850586
MEGNet,megnet_emb,matbench_jdft2d,4,16,15.539864104713201,2.759611936093875,0.021605752421484003,38.73354446372813,36.52686886823408,29.532856962765848,0.02824954657918674,0.06483427206792669,1.2684592480540353,52.31320571899414
MEGNet,megnet_emb,matbench_phonons,0,16,15.45376941402882,2.7580798681181022,0.021343114221464562,31.619295621128522,30.00407947262607,19.07768153775932,0.007193783614064616,0.026067037898686838,1.3274121275237902,34.53242874145508
MEGNet,megnet_emb,matbench_phonons,1,16,15.438597437147989,2.750543682246515,0.021038862457952712,32.062427273852215,30.263876424039562,25.0091083186011,0.013052788380970114,0.04323313088146547,1.2271347471086125,33.92302703857422
MEGNet,megnet_emb,matbench_phonons,2,16,15.447111658002004,2.7608961425825105,0.019892069008183588,31.524739041185818,29.691569899772954,24.30905582633345,-0.016326100787608874,0.05504078994963852,1.0973208733421589,33.61100387573242
MEGNet,megnet_emb,matbench_phonons,3,16,15.484201262737512,2.7573034197923523,0.01838678205120034,32.196064934243445,30.417843704721733,23.14958096738553,-0.009337332352441854,0.0542854582801868,1.1839539977215512,32.78507995605469
MEGNet,megnet_emb,matbench_phonons,4,16,15.549827520931625,2.7655315258795925,0.020708192710756974,32.10685353189989,30.582116071356023,25.518685613549227,-0.01915810659426206,0.04530726899497446,1.0820313498096756,27.99004173278809
MEGNet,megnet_emb,matbench_dielectric,0,16,15.47830797866971,2.7654555973525397,0.021407095720880957,40.23668530160356,37.67537364957745,29.08633879967068,-0.016405162996164888,0.056350306153205465,1.1429057133862084,0.2311006188392639
MEGNet,megnet_emb,matbench_dielectric,1,16,15.524093749528138,2.752167492130172,0.020165587653236148,39.88909421606185,37.76174846595943,26.969829554636174,0.00900373845500605,0.037101371713694875,1.1546652298280793,0.3158994019031524
MEGNet,megnet_emb,matbench_dielectric,2,16,15.590480392971518,2.7613941423814037,0.022429224607525288,40.74736210732245,38.781285969052426,24.995406236078452,0.042130709452435834,0.04623895898791943,1.1580399173729308,0.4596931040287018
MEGNet,megnet_emb,matbench_dielectric,3,16,15.62857014885703,2.765478223231111,0.021298620276775013,40.17190747151901,38.16006500978896,29.715638443505174,0.07174121382349699,0.058682561811058506,1.249783150176777,0.3464860916137695
MEGNet,megnet_emb,matbench_dielectric,4,16,15.393990923369177,2.7576561830734523,0.021224772895638587,39.82871448682236,37.36465389260517,27.403910290218416,0.029978234980082955,0.014829977620152028,1.664421969871468,0.3560441136360168
MEGNet,megnet_emb,matbench_log_gvrh,0,16,15.535462896918839,2.7617620322438254,0.020883029781605836,42.41442642750648,39.910349888765886,29.96581431491768,0.0060450702069862645,0.041770073273026224,1.2479430309342738,0.1087438315153122
MEGNet,megnet_emb,matbench_log_gvrh,1,16,15.636922260717729,2.7554496359410496,0.020765348790287474,42.24841085308243,39.85825823398188,29.417908989534137,0.0717614165890028,0.046077737638720015,1.095865501693454,0.1061835289001464
MEGNet,megnet_emb,matbench_log_gvrh,2,16,15.576670792075491,2.7524263854149766,0.018935698807668447,42.42067815010999,40.00987979051612,27.440574006843168,0.027287233329310646,0.04820962131435723,1.261882008959879,0.1062021404504776
MEGNet,megnet_emb,matbench_log_gvrh,3,16,15.6152569408606,2.7527617732073364,0.02146583489940526,42.453423469567724,40.30585787157845,24.000681697053647,0.009479657693456439,0.011284732751532595,1.197859506069872,0.1125970259308815
MEGNet,megnet_emb,matbench_log_gvrh,4,16,15.54063613576357,2.7612718937850365,0.021029620924311078,42.42261594111188,39.85072809314966,29.35892370918396,0.07261306190300999,0.0399867271175818,1.3587786627941547,0.1069059297442436
MEGNet,megnet_emb,matbench_log_kvrh,0,16,15.67550438914769,2.7655019214984806,0.02052070663085727,42.00273583426671,39.67242563825708,35.13366771294987,0.013287533748922154,0.060387550793519026,1.0511905178883,0.074585385620594
MEGNet,megnet_emb,matbench_log_kvrh,1,16,15.544290029162537,2.761197921629515,0.02047878091815048,42.35749589394253,40.061303666159574,32.12670208566788,0.04158565136304115,0.03863911317151344,1.1321835184849065,0.0723627209663391
MEGNet,megnet_emb,matbench_log_kvrh,2,16,15.610377901390473,2.762953675596404,0.021448556090321324,42.28082087051597,39.81583218072846,31.815102716536025,0.029219369388298246,0.056888130255920745,1.0730905959050356,0.0698293298482894
MEGNet,megnet_emb,matbench_log_kvrh,3,16,15.612646786184438,2.75803257835174,0.021867430709602034,42.375840748030754,39.96484284279881,30.147062088198798,0.005165004139888814,0.03654303124031606,1.4187464937313787,0.0818146988749504
MEGNet,megnet_emb,matbench_log_kvrh,4,16,15.690764868125735,2.758650634751882,0.021662809589565568,42.40865228650226,40.04131381714015,31.723484411878122,0.05364844823598242,0.055154598606583505,1.11007251916031,0.0757822394371032
MEGNet,megnet_emb,matbench_perovskites,0,16,15.521608602707154,2.758890993913938,0.021095304853960335,27.965395661647175,26.53260363917418,21.338444870790067,-0.02135915602750879,0.06679869982123979,1.2299054876730167,0.0465876758098602
MEGNet,megnet_emb,matbench_perovskites,1,16,15.448496081995106,2.7632053322227974,0.020664455250977633,27.99238697488112,26.69572894393608,20.260058870705016,-0.03390898838144412,0.04414096369723164,1.457201488785204,0.0460363253951072
MEGNet,megnet_emb,matbench_perovskites,2,16,15.475818103956374,2.7428393444600947,0.019493897933377767,27.99504886333399,26.488201534607132,20.79275961230301,-0.005773887129819333,0.04632578817994345,1.2349173363814814,0.043505847454071
MEGNet,megnet_emb,matbench_perovskites,3,16,15.483045566663689,2.752932787502617,0.020390242040137164,27.986772033149148,26.602549766161076,21.591785574959097,-0.01664429530201342,0.044387660241922124,1.2973994402944065,0.0431813895702362
MEGNet,megnet_emb,matbench_perovskites,4,16,15.437950673625979,2.758724699664877,0.020674192569899105,28.08030837375941,26.627037281236515,20.833999806349492,-0.05306105702713114,0.013076417166135305,1.8128869848378768,0.0444398149847984
MEGNet,megnet_emb,matbench_mp_gap,0,16,15.534979208178283,2.7621075871941416,0.020132269382738904,42.332773391936634,39.73606620169984,31.493475870130215,0.10212994691930391,0.05371146605806877,1.3871027058008871,0.2588775753974914
MEGNet,megnet_emb,matbench_mp_gap,1,16,15.49456074722356,2.7615114900531936,0.021648034988154072,42.74795170622029,40.144869305974844,21.957929246173407,0.06860236886632826,0.031328605552397346,1.1448269206728436,0.2637265026569366
MEGNet,megnet_emb,matbench_mp_gap,2,16,15.618379671816601,2.7690569647710124,0.019836294674735466,42.51098087340481,40.122803707705806,27.275981621599744,0.048387705072600415,0.04989933269049819,1.553913879750747,0.2635432779788971
MEGNet,megnet_emb,matbench_mp_gap,3,16,15.487811745710438,2.762574929861527,0.02124103586257381,42.744814745939735,40.01129575384594,21.46478996268192,0.048932648644060606,0.03464906705195972,1.0977384373731125,0.250079482793808
MEGNet,megnet_emb,matbench_mp_gap,4,16,15.32649154591704,2.761354805268703,0.019788418989725793,43.023277318917295,39.96761895548486,17.549621344053005,0.029877506329980156,0.04882034432225031,1.1530561290316406,0.2739230692386627
MEGNet,megnet_emb,matbench_mp_e_form,0,16,15.611830656248271,2.758877871810961,0.020513888465954835,42.45471604851334,39.16551038509528,28.364419849947684,0.14879848628193,0.051130682292837765,1.464027194256751,0.0372152626514434
MEGNet,megnet_emb,matbench_mp_e_form,1,16,15.490655045153098,2.7649787324322803,0.02148222753136783,42.43871167537597,38.50390310000847,28.599578641227406,0.0766853205887559,0.04024931788680448,1.2064252173214534,0.0395881421864032
MEGNet,megnet_emb,matbench_mp_e_form,2,16,15.507055550568177,2.7641537250968984,0.02111096924861479,42.24885658466575,38.69406174108998,30.5286379247154,0.08027057193959199,0.0348831026282897,1.166051371374584,0.0374767705798149
MEGNet,megnet_emb,matbench_mp_e_form,3,16,15.467308331361318,2.7614239418765116,0.01897455525417728,42.409966270216884,39.11022556701546,30.173892408960324,0.09394677636220829,0.04808323317868936,1.2119001518776407,0.0405208058655262
MEGNet,megnet_emb,matbench_mp_e_form,4,16,15.556518854459373,2.7635309143866262,0.021119640600073115,42.253553276984185,38.44338003686011,32.734821068512375,0.13503982248286248,0.03560485060913409,1.4010285128487872,0.0339016169309616
MEGNet,megnet_emb,matbench_jdft2d,0,32,29.859814579375506,3.452922791802365,0.01117037826283621,38.386067782819225,37.17090870886214,32.321355431531664,0.016306798547371597,0.029145715649786897,1.0991773612427438,35.92290496826172
MEGNet,megnet_emb,matbench_jdft2d,1,32,30.190962534198704,3.4550549857801043,0.010727087739806882,37.92262089202055,36.87597076608094,30.10700025747709,0.002835937795713483,0.011459908508430174,1.1421943508604266,57.22069549560547
MEGNet,megnet_emb,matbench_jdft2d,2,32,29.93102356212621,3.442587434512467,0.01088516913074588,38.02763408808103,36.85153170967506,28.993469842189672,0.01894049196620838,-0.0021169383878212418,1.17969257344891,77.21370697021484
MEGNet,megnet_emb,matbench_jdft2d,3,32,30.020771832338408,3.4529651798184724,0.00995837258851612,37.47652099063672,36.26552119652111,22.059663108859553,0.008060675273596935,0.02080977763478648,1.0123356416615008,40.14830780029297
MEGNet,megnet_emb,matbench_jdft2d,4,32,30.148963924745978,3.448171169232635,0.010599980401346727,38.39753429397388,37.248283415054004,28.61091737066099,0.033406502949650155,0.026082942239612925,1.0294183448056744,54.26488876342773
MEGNet,megnet_emb,matbench_phonons,0,32,29.70136595178387,3.4510869785526106,0.010540240112428014,31.426895013282543,30.485412434253874,22.232620968739127,0.027126090277974264,0.013399842671856009,0.8973433649014002,37.96909713745117
MEGNet,megnet_emb,matbench_phonons,1,32,29.6470601732258,3.45389007019887,0.010796591678313221,31.7983669238339,30.94943557648765,27.09002328547485,-0.038619948665910585,-0.006075769160622472,1.1581434900873404,36.47252655029297
MEGNet,megnet_emb,matbench_phonons,2,32,29.67222408026344,3.4506041021931213,0.010807494853220826,31.372596393653527,30.509453244858644,24.989235731126826,-0.013677230525390986,0.02023640852631655,1.1275393573724657,33.81334686279297
MEGNet,megnet_emb,matbench_phonons,3,32,29.790834284121967,3.4542283885682328,0.010532380184626317,31.796560606609333,30.906542482158944,25.51937012297742,0.041286380929177836,0.007363936353067029,0.8731202822157296,33.98191452026367
MEGNet,megnet_emb,matbench_phonons,4,32,29.79831507464605,3.45330794440178,0.0104596103363631,31.81132807545013,30.96973470805671,24.970871552221354,-0.03934774902516838,0.016626092263504748,1.2800485810534286,28.44224739074707
MEGNet,megnet_emb,matbench_dielectric,0,32,30.132254832671794,3.455939853155283,0.010704057250925608,39.9683265237832,38.69007919724371,32.08212384374592,-0.006566359366846408,0.024351339763244245,1.288578878312118,0.2289895415306091
MEGNet,megnet_emb,matbench_dielectric,1,32,29.954627837001684,3.4454962444647346,0.010731523526549524,39.451426458623516,38.136710116071406,32.73036582809379,0.010149928605425988,0.0048831515627319865,0.9100712532680302,0.3319684863090515
MEGNet,megnet_emb,matbench_dielectric,2,32,30.358212230110766,3.460339599731186,0.010379278811053796,39.89824977127202,38.62981461588044,31.54971351098075,0.016788840043090624,0.008745446863791077,0.9159246856661024,0.460330605506897
MEGNet,megnet_emb,matbench_dielectric,3,32,30.20053937806008,3.4524588863215575,0.010772080610361032,39.920165835225674,38.65020313795362,32.273648681799834,0.052556666339630485,0.01565374458762608,0.9796389711086873,0.345455139875412
MEGNet,megnet_emb,matbench_dielectric,4,32,30.20514861230548,3.454882225963761,0.010749005654029538,39.36312902682362,38.192786505957166,32.27344242731494,0.02614518955815884,0.01459592439567882,0.8893641476823475,0.3485632538795471
MEGNet,megnet_emb,matbench_log_gvrh,0,32,30.328283166433252,3.456524177498408,0.010198705371278474,41.84591222836748,40.47683923388596,34.88573277736985,0.0186743922013859,0.0319595642260813,1.1852743257283225,0.1076867207884788
MEGNet,megnet_emb,matbench_log_gvrh,1,32,30.466269801337926,3.459068395972495,0.010857673519256959,41.89535477717678,40.62921942059121,32.435480706447706,0.031649776837192896,0.005933411627608268,0.8411564059336956,0.1095267906785011
MEGNet,megnet_emb,matbench_log_gvrh,2,32,30.397210750640653,3.45412163114868,0.01057832671671445,41.94685499204995,40.62144789254701,31.62974657821003,0.07043032072773592,0.018727185902034364,1.0944941987030077,0.0996569991111755
MEGNet,megnet_emb,matbench_log_gvrh,3,32,30.40102420046224,3.451590719416947,0.0100630382555225,41.9896616167357,40.86702969756632,32.43210776895209,0.020363556883173654,0.000919567427329209,1.196683315946028,0.1059641912579536
MEGNet,megnet_emb,matbench_log_gvrh,4,32,30.48446948343126,3.456322585230729,0.01036661163028228,41.93849900551717,40.75655433672997,33.04747939662093,0.012527118762684582,0.016302951137841807,0.874179391262299,0.1097924932837486
MEGNet,megnet_emb,matbench_log_kvrh,0,32,30.53804130718535,3.454069755321492,0.01053704512829342,41.84137061357183,40.70673989958744,34.3199018520189,0.0014546884214664832,0.008955354690674107,0.905520551348353,0.0765121579170227
MEGNet,megnet_emb,matbench_log_kvrh,1,32,30.38273725568973,3.457833822243636,0.010805998885559494,42.160259652499676,41.01249705912572,32.39851721196779,0.01098683314134245,0.012721608315054025,1.1969684331702777,0.0719734281301498
MEGNet,megnet_emb,matbench_log_kvrh,2,32,30.46318935374091,3.456471585443359,0.01093589708745753,41.99617020142116,40.86958521887473,33.371910685791654,0.03146331179560813,0.0015482547749725091,1.4258349501181258,0.0671965554356575
MEGNet,megnet_emb,matbench_log_kvrh,3,32,30.327959482318736,3.448556267190403,0.010297942472177584,41.88956452418477,40.52260426599503,35.142497456450315,0.03494828670439797,0.02701173505183585,0.9393333197059286,0.0794725269079208
MEGNet,megnet_emb,matbench_log_kvrh,4,32,30.518998382779227,3.4591171192973746,0.010769961420442875,41.884401322404344,40.762845396964295,33.534108848083356,0.06422029905647304,0.01669047192019543,1.0405157091084578,0.0732844248414039
MEGNet,megnet_emb,matbench_perovskites,0,32,29.55370323025211,3.4511775493439867,0.010848334423963806,27.6894144330954,26.949528594717737,24.402112793299505,-0.005773887129819333,0.01888019609278782,1.0518973324559084,0.0416939742863178
MEGNet,megnet_emb,matbench_perovskites,1,32,29.480041740421175,3.455940129477954,0.010731405373014554,27.776855619128614,27.094308293635567,22.20418574173524,0.0010349428083737174,0.00689414748699975,1.1266929035226583,0.0447780676186084
MEGNet,megnet_emb,matbench_perovskites,2,32,29.527393419712467,3.4493444648557374,0.010314674560760738,27.842394442064812,27.157126211143172,22.533645343359304,-0.0070976735266857285,0.010213365081556234,1.186667980100621,0.0406564064323902
MEGNet,megnet_emb,matbench_perovskites,3,32,29.529943862313516,3.4523164203632724,0.010886465822475997,27.718257532250917,27.000793412926832,22.56120335746999,0.021217403465309446,0.02288600410842001,0.9000457938755555,0.0392822101712226
MEGNet,megnet_emb,matbench_perovskites,4,32,29.443005943680358,3.44400733265127,0.010031419360479986,27.826249125741853,26.899412105714767,23.230545926883803,-0.025800689672281624,0.0089428984056653,0.9042506723560397,0.0400415956974029
MEGNet,megnet_emb,matbench_mp_gap,0,32,29.921609081579124,3.454616625357482,0.010367997387362394,42.3005373796779,40.27308769480317,28.327314489440106,0.08904556248692677,0.01028182180145254,1.3043553460216055,0.2639215588569641
MEGNet,megnet_emb,matbench_mp_gap,1,32,30.115977950187172,3.4530247041462827,0.01037904116792663,42.06730443315358,40.44370083220897,26.74980466172832,0.04158565136304115,0.009537365065137561,1.0724977807305929,0.2691919207572937
MEGNet,megnet_emb,matbench_mp_gap,2,32,30.040588276929427,3.4516528856165207,0.010104062645327124,42.08239560978725,40.27753066192919,31.52745197658847,0.01806951345562322,0.007404617567339379,0.9603393692900937,0.2588180303573608
MEGNet,megnet_emb,matbench_mp_gap,3,32,29.88679702050583,3.457359697830968,0.009824687806327354,42.21963401126611,40.22881093243949,26.115271662916335,0.11555216866704769,0.023168992495977012,1.1936220275859983,0.2529686093330383
MEGNet,megnet_emb,matbench_mp_gap,4,32,29.86619213370098,3.451711524035964,0.010231033035710999,42.33866323135243,39.990897066857876,22.08521262792487,0.0730445493738452,0.04010737632502423,0.9994781862664055,0.2666139304637909
MEGNet,megnet_emb,matbench_mp_e_form,0,32,30.19653588174994,3.4571369924796733,0.010224892658726763,41.96014653908659,39.59668656379757,32.084689572735684,0.08703485458067488,0.013415966508487002,0.9361755362999649,0.0326036252081394
MEGNet,megnet_emb,matbench_mp_e_form,1,32,30.07382554135254,3.448606339881512,0.011203225745825874,41.98806673377695,39.586852179569696,27.70050105244399,0.07667722864628342,0.030799041089988783,0.9777901074781905,0.0316512547433376
MEGNet,megnet_emb,matbench_mp_e_form,2,32,30.14611591894232,3.453118531817146,0.010958660750743988,41.9133039682345,39.41411979734538,34.67239822642756,0.07257477796538045,0.01692381327502567,0.9005174167394846,0.0384587310254573
MEGNet,megnet_emb,matbench_mp_e_form,3,32,30.29259493327405,3.4574688495930848,0.010967836612074695,41.96180018413786,39.50799803919169,34.114757306416266,0.09537390372899511,0.007531734392183738,0.9772015608035475,0.0338867716491222
MEGNet,megnet_emb,matbench_mp_e_form,4,32,30.150114206977275,3.453662790544373,0.01081458403353631,42.01859036812447,39.59281575894182,31.817378074647586,0.09859098066131051,0.02706343820781881,0.9722009114249371,0.0368960164487361
MEGNet,megnet_emb,matbench_jdft2d,0,64,54.656058749698616,4.143789000971652,0.005246170630074022,38.21466974702637,37.56439556183802,32.52656085599238,-0.005120391265234907,0.0013869531181299301,1.0835136847968778,40.70787811279297
MEGNet,megnet_emb,matbench_jdft2d,1,64,54.68742270114504,4.145213652269886,0.005227103706824855,37.74476014476236,37.181609502164406,29.750990480865603,0.024226811446647505,0.009732827996184837,0.8915527310621326,55.52278518676758
MEGNet,megnet_emb,matbench_jdft2d,2,64,54.385906413173394,4.145777260029557,0.00528922623956917,37.696679284301815,37.064891523093834,32.86490963931859,0.006232611124498872,-0.003741902329469629,0.7704617514005473,77.83573913574219
MEGNet,megnet_emb,matbench_jdft2d,3,64,53.63403622323866,4.148370199317368,0.005022232334290329,37.26177979080933,36.364596992616534,30.75431668633341,-0.011065631534892552,-0.028781231171387277,1.0547575642747213,40.84873962402344
MEGNet,megnet_emb,matbench_jdft2d,4,64,54.50962488049506,4.147751931936851,0.005359378466947129,38.23382557225276,37.6273130935781,33.2146613716018,0.005391182132484646,-0.007723588370428245,1.046908718588769,52.99245071411133
MEGNet,megnet_emb,matbench_phonons,0,64,51.451246349577744,4.146806603170853,0.0052295366895110775,31.180795010601486,30.798891842234134,27.090210936304953,-0.029016221051193104,-0.03316955547570146,1.6523177533140443,40.25823593139648
MEGNet,megnet_emb,matbench_phonons,1,64,51.342079314406696,4.140835414083854,0.0054205058027250105,31.709588746906913,31.307978424272015,25.81492220307971,-0.007049870339722957,-0.004855432062134585,0.9408481043906107,37.759864807128906
MEGNet,megnet_emb,matbench_phonons,2,64,51.18936716443876,4.146229991317996,0.00521040742704099,31.13369263266732,30.720758760278102,27.99232138854444,-0.009055716325486574,-0.011580618162969831,0.7688300026897619,31.927976608276367
MEGNet,megnet_emb,matbench_phonons,3,64,51.30807758362607,4.143470177042132,0.0053329758187770585,31.718993796379447,31.266157743442214,22.641912995670616,-0.04436401721349207,0.004688563074659171,1.6043633885331814,34.34384536743164
MEGNet,megnet_emb,matbench_phonons,4,64,52.21423625995787,4.149152878488506,0.0053744691685930195,31.666634264241537,31.2845829679303,27.841381297956097,-0.013727789302787048,-0.0005297776648617337,0.8045443314906143,32.41223907470703
MEGNet,megnet_emb,matbench_dielectric,0,64,55.55154434172151,4.146492985364195,0.005406740893906729,39.72206775956139,39.13725458790371,34.25681808924777,0.012947902172770188,-0.003300154329328499,0.760640768661249,0.2270934581756591
MEGNet,megnet_emb,matbench_dielectric,1,64,54.91605698620153,4.15045332592781,0.0052610621710125266,39.25675469320427,38.74185802450898,32.51640447610687,-0.014670532634380857,-0.008697329426147826,1.5049163133420043,0.3171967566013336
MEGNet,megnet_emb,matbench_dielectric,2,64,55.25777648263799,4.147837933433633,0.005274826742887521,39.70301505691692,39.07317773070198,33.81327586123528,-0.009291793782125093,0.009981054090460262,0.9975407021415045,0.4486435949802398
MEGNet,megnet_emb,matbench_dielectric,3,64,55.188756715966576,4.148744098012886,0.005384855748210427,39.72364250811464,39.27126181669421,32.77430273799736,-0.01790777551792463,-0.0011302393318519273,0.7649416631595042,0.3516570627689361
MEGNet,megnet_emb,matbench_dielectric,4,64,54.841010179253935,4.148319657603225,0.005386031399659352,39.22464521063884,38.731695077923035,33.126428097785094,-0.003560405963679989,-0.0015763294435284707,0.8939159983167477,0.3549110293388366
MEGNet,megnet_emb,matbench_log_gvrh,0,64,56.223925631218094,4.148932604325566,0.005142931246865671,41.69992002041587,41.08911207107658,35.54266166965871,0.025876539231089447,0.0005990883496450959,0.7679138825738162,0.1071253195405006
MEGNet,megnet_emb,matbench_log_gvrh,1,64,55.73955794897109,4.146473727248425,0.005258518378795789,41.723193195411106,41.12114364415703,36.790011183036704,0.019592824027413826,0.0048101213109099,0.95551914268253,0.1089772880077362
MEGNet,megnet_emb,matbench_log_gvrh,2,64,56.07213430348212,4.148362272326812,0.005342687455950874,41.74344403307018,41.080391907896676,34.18827074321494,-0.03655220592186576,-0.014420587710243682,1.3472403221903444,0.1044723689556121
MEGNet,megnet_emb,matbench_log_gvrh,3,64,56.42612718621707,4.148497220832191,0.005147375790770855,41.65207535275229,40.998532622405314,37.68601424966769,0.03795335973348419,-0.0029246110048359243,0.9490394471671846,0.1067263409495353
MEGNet,megnet_emb,matbench_log_gvrh,4,64,56.05595463954827,4.147015319760843,0.005279273512713527,41.74243871299323,41.14323372848205,36.064059284458445,0.021643104105914635,0.007399777797048403,0.9987278717271992,0.1110226064920425
MEGNet,megnet_emb,matbench_log_kvrh,0,64,55.814296727187035,4.1444869946927945,0.005351269801985684,41.741589563977804,40.948555616062556,33.85916040073541,0.011343110134273119,0.004823995566029068,1.0841114591802266,0.0705998092889785
MEGNet,megnet_emb,matbench_log_kvrh,1,64,56.54285435950399,4.148102166040118,0.0052398963115305635,41.77270302732429,41.30158680964497,35.187926571070875,0.039520805454661315,0.0016291556594129441,0.9979160266470539,0.0747167468070983
MEGNet,megnet_emb,matbench_log_kvrh,2,64,56.21958642919448,4.150534868322367,0.005323899676361398,41.72748262425244,41.131062042178684,37.5259751460888,-0.0007742197514881519,-0.0038429337219224678,1.0920518363315013,0.0720055177807807
MEGNet,megnet_emb,matbench_log_kvrh,3,64,56.1299127703282,4.146941223963969,0.00531111960317468,41.74772685801688,41.16699850271335,33.865909406853,0.006778505699246412,-0.0013170683246469114,1.0982804885581128,0.0834202915430069
MEGNet,megnet_emb,matbench_log_kvrh,4,64,56.68922235848364,4.145842963846757,0.005544521415367228,41.70666305258119,41.21460732505964,36.63731950195857,0.0366241845490965,0.007408465582569705,1.025349959150597,0.072824440896511
MEGNet,megnet_emb,matbench_perovskites,0,64,47.65883286446816,4.14172333232735,0.0056176709435473695,27.6512357628869,27.300718373706005,24.330740835520807,0.06052353352087149,-0.005992854095566215,0.9384989744344512,0.0387548208236694
MEGNet,megnet_emb,matbench_perovskites,1,64,47.85564274331486,4.143462554946394,0.005325090897308694,27.63196867034957,27.42196475430186,24.041436698896618,0.013253784029272391,-0.0005106183139824753,0.9164646722013059,0.0416468903422355
MEGNet,megnet_emb,matbench_perovskites,2,64,47.44649595435401,4.141322294293747,0.005418151929782639,27.646256247726583,27.316262763665478,23.832054899978644,0.004340827464193007,-0.005979921623705188,1.0610093722492007,0.0394978262484073
MEGNet,megnet_emb,matbench_perovskites,3,64,47.86159912921884,4.140293754152163,0.005091112471184203,27.596460577351632,27.270861855117463,25.686422675227586,0.017647913237145346,0.00950279132020983,0.9036395481990899,0.0399038419127464
MEGNet,megnet_emb,matbench_perovskites,4,64,47.54582507508099,4.137009976019611,0.0054991758259696055,27.675449360515294,27.167122925472768,24.63808951789212,0.0049732472781552056,0.005930803800192396,1.1139149989875197,0.0401385016739368
MEGNet,megnet_emb,matbench_mp_gap,0,64,55.17119332512168,4.146741816387391,0.005199932063557884,42.26747071636276,40.668205686758824,21.24426840904737,0.044088150419917954,-0.005327967711993094,1.1397995519810047,0.2694936394691467
MEGNet,megnet_emb,matbench_mp_gap,1,64,56.02273080303666,4.146928471356429,0.005459920151558286,41.99828736821367,40.592387275503555,29.143380406559533,0.0942426830425529,0.008201120275014453,0.877718752699978,0.2571224272251129
MEGNet,megnet_emb,matbench_mp_gap,2,64,55.72457515018431,4.144045290171787,0.005682083628948071,41.87681443306352,40.76802292542196,32.34213941044202,0.07719088084453263,-0.0024362396147762843,1.0576153058335895,0.2687797844409942
MEGNet,megnet_emb,matbench_mp_gap,3,64,55.56541530629798,4.148479775128292,0.005387606161881156,42.04188439504493,40.67278083761303,27.665441377872508,0.01999704145990506,-0.0026548987844051647,0.9882741194988289,0.2595172524452209
MEGNet,megnet_emb,matbench_mp_gap,4,64,55.556912932246725,4.144253565525229,0.005367200533106646,41.88070904344577,40.62686342629576,28.538169475265704,0.05270649839224209,0.0026876637408297724,1.0980272022361546,0.2642871439456939
MEGNet,megnet_emb,matbench_mp_e_form,0,64,55.76398474442632,4.1416387456179775,0.006141948882660933,41.80583019287159,40.03712588644118,32.94603097870758,0.15471993732863298,0.016784123392228973,0.894043402713049,0.0335848741233348
MEGNet,megnet_emb,matbench_mp_e_form,1,64,56.33662800433819,4.147215321740662,0.006173522914484817,41.811598515242,40.474267068132576,34.90051187563111,0.1112647674740211,-0.0021203618900689373,0.8018430644852343,0.0372017286717891
MEGNet,megnet_emb,matbench_mp_e_form,2,64,56.60394433914526,4.144324161526933,0.005939327956517709,41.77719822605421,40.26049531874206,32.75415924387878,0.11141906120508117,0.0030783705863389934,0.7850637249506374,0.037448763847351
MEGNet,megnet_emb,matbench_mp_e_form,3,64,56.12734666152505,4.144288363306223,0.005862514175989546,41.80333244744392,39.98668647015172,33.3313822549113,0.11096680492130657,-0.008496555855290225,0.7430469457632802,0.035722903907299
MEGNet,megnet_emb,matbench_mp_e_form,4,64,56.23827757770458,4.14876113664381,0.00604100720196982,41.86325191766183,40.09733253652739,31.772900225229947,0.17506998039415678,0.006120307292650998,1.031296574111032,0.0328975394368171
MEGNet,megnet_hm,matbench_jdft2d,0,8,5.503349975555513,2.0686796446093263,0.43904529077001203,46.12340333441958,34.67124463358945,1.2523350184066628,0.07335394628188438,0.15793392531988337,5.463599866324777,35.54682159423828
MEGNet,megnet_hm,matbench_jdft2d,1,8,5.428656365336477,2.062654648728363,0.3672919677583304,43.197006726702725,29.050237598753952,11.177296015930194,0.11922330855091147,0.1980697219640852,6.028133909106958,53.650299072265625
MEGNet,megnet_hm,matbench_jdft2d,2,8,5.111406579593839,2.057262512734004,0.37257445284099294,44.55717882037041,31.576706713149257,4.2225152040036855,0.14469438610144994,0.2564309307306716,4.9896423113994555,72.97830200195312
MEGNet,megnet_hm,matbench_jdft2d,3,8,4.984070606447997,2.068215174080725,0.31865876133895193,46.15683780328191,36.295960639853554,1.3631521516690002,0.16072064380912307,0.2527274926207463,5.043946817537467,45.44623947143555
MEGNet,megnet_hm,matbench_jdft2d,4,8,5.182245077374966,2.0686635215471427,0.3662528716360892,45.454915247506456,33.53979657482472,6.334922567498214,0.03339494077166359,0.1852072941575468,5.126833981320831,51.41798400878906
MEGNet,megnet_hm,matbench_phonons,0,8,5.695716791041648,2.061897231444859,0.2466358650731021,34.68096992836647,25.090058204053477,6.680122183967669,0.05635237134952764,0.22733264465103722,4.137194511462659,37.15433120727539
MEGNet,megnet_hm,matbench_phonons,1,8,6.09565842090141,2.0641474602029852,0.20858717704203317,36.89903343553717,29.740382753978807,4.930360779872491,0.09050199152523128,0.1747518819155114,3.186255353847843,31.56780433654785
MEGNet,megnet_hm,matbench_phonons,2,8,5.970036276321802,2.061678669531147,0.22820718888268204,34.376555193795106,26.548734385100158,4.723317522154893,0.06646438722521378,0.18313333017950056,2.7451509166644428,31.6718807220459
MEGNet,megnet_hm,matbench_phonons,3,8,5.943999688557419,2.078504487505966,0.22073444830454275,36.04009553502799,27.847380771304078,3.743077595417222,0.054989366697047536,0.18578063190092353,3.249921227678688,31.14019203186035
MEGNet,megnet_hm,matbench_phonons,4,8,5.587099167322888,2.069616314003321,0.24618376382133297,36.23082740226681,27.30090926253768,3.419090239713621,0.12774738458585277,0.2279779618800231,5.530665481552698,27.55644798278809
MEGNet,megnet_hm,matbench_dielectric,0,8,5.3949752993568945,2.056079170316366,0.15869906238285855,44.83055108755758,35.19187680956407,13.068619819227768,0.3118243591620341,0.28656638115775623,3.396204462471644,0.2190350592136383
MEGNet,megnet_hm,matbench_dielectric,1,8,5.519411375311243,2.0688891365415447,0.16319593380062,43.908358889683946,34.72608243889958,7.576145942401932,0.2721380394480064,0.2523108719515887,2.8155156409340547,0.302244633436203
MEGNet,megnet_hm,matbench_dielectric,2,8,4.709453378250019,2.0542340282927407,0.1693793101515381,46.569681631039224,36.5609182962462,9.053236004904244,0.4484474820696183,0.31641319679001645,4.2347657201842805,0.4581956267356872
MEGNet,megnet_hm,matbench_dielectric,3,8,4.962366042661757,2.054508587740462,0.15770677967127664,45.33995907589899,35.55932293632404,10.57081201913147,0.3859886857812169,0.25454685869433513,3.3746525388922213,0.355884850025177
MEGNet,megnet_hm,matbench_dielectric,4,8,4.858285048149459,2.039419388706108,0.15358542962519717,45.65840723695189,35.47007503905348,9.201965810169394,0.38097318759719107,0.26749081793826596,4.770546139143618,0.3252992331981659
MEGNet,megnet_hm,matbench_log_gvrh,0,8,6.158579288587551,2.0574275351522724,0.14549059048892943,44.5371271486118,34.735174212970655,19.93916213848493,0.40624298818715765,0.32456676855745875,3.104079521443584,0.095697320997715
MEGNet,megnet_hm,matbench_log_gvrh,1,8,6.055435257323616,2.0425706368580205,0.16235763585481205,44.54709381095855,34.233933625517736,19.86155759399141,0.2817769523732623,0.2506312536346055,3.0285376095002055,0.0980541706085205
MEGNet,megnet_hm,matbench_log_gvrh,2,8,6.29748601078327,2.045989387196286,0.16819346233322,44.396109737886896,35.51402475495631,12.430279417053546,0.41057928585705383,0.3235193703073768,3.303348778935364,0.0946890637278556
MEGNet,megnet_hm,matbench_log_gvrh,3,8,6.032692815558233,2.038444101537803,0.16181897001626025,44.811404471514294,35.285765985397774,18.96846411498436,0.2800249737642636,0.23109816246694487,2.830109660530964,0.0992141291499137
MEGNet,megnet_hm,matbench_log_gvrh,4,8,6.489482063946303,2.039069794691965,0.14589599273753662,44.59822759943537,35.62125197388183,17.706225447903908,0.3561892182380897,0.2908872684088818,2.7568956575436516,0.0992723032832145
MEGNet,megnet_hm,matbench_log_kvrh,0,8,6.325250885265804,2.0336026917969687,0.18128369249040285,46.92560618984587,39.30497044189619,10.773354359950961,0.4556530396366125,0.3183921057624919,3.7264658316534325,0.0662681236863136
MEGNet,megnet_hm,matbench_log_kvrh,1,8,6.2054900013117935,2.048378751794157,0.1681915005349622,46.72336492915535,38.31342509751135,12.217721200468878,0.42071023345755376,0.3298310335573421,3.446982713330922,0.0686960890889167
MEGNet,megnet_hm,matbench_log_kvrh,2,8,6.6152087441380125,2.042925525924539,0.13937289902353733,45.46473232770117,37.83149794115364,15.300605311046112,0.37933516315949983,0.2863731700221762,2.7527201753616932,0.0671212598681449
MEGNet,megnet_hm,matbench_log_kvrh,3,8,6.261720236844391,2.019994809796123,0.16181019718123882,45.91485821092887,36.92724513895226,12.626891707625049,0.5312283251312878,0.34882182222381836,4.516569515818157,0.0752314403653144
MEGNet,megnet_hm,matbench_log_kvrh,4,8,6.514765047110233,2.0184929800753544,0.17233802033823156,45.8077419724025,36.73822340689274,12.533366498726547,0.3236878597111267,0.3069449401483348,3.741614009326967,0.0679202303290367
MEGNet,megnet_hm,matbench_perovskites,0,8,6.749319375474191,2.0606180194393406,0.09920577483483073,29.96391663045382,24.82709048074416,9.432526477184641,0.17598344701646218,0.20137589724796606,2.7712569922217285,0.0452129356563091
MEGNet,megnet_hm,matbench_perovskites,1,8,6.887238717621073,2.0626390769636203,0.10713328650481364,29.893757998438765,25.096597535836075,10.937939924105022,0.21876234299707717,0.1794859510069094,2.420102893850467,0.0420187599956989
MEGNet,megnet_hm,matbench_perovskites,2,8,6.619054042544303,2.0606939756058207,0.09356869223963109,29.846604520604636,24.80349430782168,8.57217850544702,0.2137444023424044,0.19640836197790731,2.7963503378374854,0.0446749813854694
MEGNet,megnet_hm,matbench_perovskites,3,8,6.645356133082329,2.0656351532447723,0.09773117609848551,30.216838803295335,25.257342355560468,6.688076905603123,0.15148315907775092,0.15827803590878917,3.048466094226019,0.0450346283614635
MEGNet,megnet_hm,matbench_perovskites,4,8,6.689306380305613,2.059729821581027,0.10144733588458424,30.121296323620527,25.260001943203747,8.394713722515005,0.11345836063009064,0.13054010668231417,2.631194861089809,0.04295190051198
MEGNet,megnet_hm,matbench_mp_gap,0,8,6.648802004755282,2.0439962881703293,0.04686944170336972,45.941101324382494,38.63353637631651,6.091307935643271,0.25434790954812453,0.2255225642326782,2.588875594786168,0.2865048944950104
MEGNet,megnet_hm,matbench_mp_gap,1,8,6.679989770230469,2.0232958810480426,0.04907015017121102,45.97464635685044,38.598162894141865,5.053431938891715,0.3362114364796512,0.21663545737679324,3.24321104705091,0.2847338020801544
MEGNet,megnet_hm,matbench_mp_gap,2,8,6.130822450167237,2.0395995311261172,0.04635707707944197,47.43398694763693,38.55211418892832,6.54043398734553,0.36338069323203914,0.2428749627714176,2.833455042798189,0.2795590460300445
MEGNet,megnet_hm,matbench_mp_gap,3,8,6.89668707135293,2.045628260945717,0.05493273777642761,46.655612244097725,39.83342693451816,3.2939533106133734,0.2561973852659348,0.23126128618952932,3.661250339372755,0.2729722857475281
MEGNet,megnet_hm,matbench_mp_gap,4,8,6.873963852832799,2.061842705717951,0.048277155356222144,45.78981023691379,38.80108920209514,3.675983264745071,0.39223072551118865,0.17597375443756888,3.4584758965261897,0.2903774678707123
MEGNet,megnet_hm,matbench_mp_e_form,0,8,6.733993285303141,1.9936770645779136,0.044536398211830815,43.84461787225273,33.42090972929466,13.576044957764198,0.4123316994084939,0.24321589743530184,3.3264316429455727,0.042295217514038
MEGNet,megnet_hm,matbench_mp_e_form,1,8,6.800277261151616,1.9627047767454049,0.043468945368734545,43.97464116723803,32.739362194720385,17.305249660867222,0.4638200220197116,0.23671271159689,2.808329381449609,0.0424300208687782
MEGNet,megnet_hm,matbench_mp_e_form,2,8,6.977795710327897,1.9600585195505205,0.04347912032000943,43.71729297274737,32.899114106284415,21.137684114556084,0.43608100882855394,0.2570500950408202,2.735182096745883,0.042421244084835
MEGNet,megnet_hm,matbench_mp_e_form,3,8,6.818858393555736,1.9496879909302076,0.04511244136164793,44.01235841078199,33.15922013108546,16.09726569599594,0.3223509579700847,0.24718495089421388,3.361795251188389,0.0417401678860187
MEGNet,megnet_hm,matbench_mp_e_form,4,8,6.733340758211869,1.965187513293241,0.04383264938257429,43.99511443964734,32.369541984477024,20.85134129818244,0.35122014036443244,0.23609650301785784,2.5170228220706745,0.043384451419115
MEGNet,megnet_hm,matbench_jdft2d,0,16,8.951851354750913,2.681532414250972,0.20242249033739082,44.49178139735468,36.67588511232477,5.044835387150985,0.21651705267659874,0.18690895610250957,3.691712308628454,36.60160827636719
MEGNet,megnet_hm,matbench_jdft2d,1,16,9.873474781273105,2.751341922799413,0.22224787464697557,42.41872706042491,30.51371862303364,6.850166968892162,0.10202961542086385,0.13735036174721404,2.8778222103979827,53.81731796264648
MEGNet,megnet_hm,matbench_jdft2d,2,16,9.601929072200992,2.7524505599461984,0.1915565437962103,44.355941800300656,34.11417712848076,4.189946271340799,0.2736696686562757,0.2216896025245495,4.3790173688603184,70.52222442626953
MEGNet,megnet_hm,matbench_jdft2d,3,16,9.587020322444586,2.725665868093511,0.26792563619593096,43.87680615645405,34.508615086173336,1.4926791159613404,0.18853105083132243,0.1509000057505036,5.70419202084606,37.49980163574219
MEGNet,megnet_hm,matbench_jdft2d,4,16,10.073236006553975,2.7160418651615466,0.17102942096543164,42.09665822029869,29.57160614728341,13.279215369964987,0.14612735151814127,0.21011714504018209,3.4473166532157333,54.82179641723633
MEGNet,megnet_hm,matbench_phonons,0,16,9.951416270111684,2.755352418580978,0.1191321476037298,34.19678330552408,24.007069772066032,8.09274364019293,0.035920532307497456,0.2569781039969131,4.653927240157321,36.13421630859375
MEGNet,megnet_hm,matbench_phonons,1,16,10.718142932869164,2.743203549931927,0.1308737211124645,35.29935594239287,26.721231688618253,4.569062057804253,0.09965801174477594,0.13915010832280977,2.494411130938589,34.048526763916016
MEGNet,megnet_hm,matbench_phonons,2,16,10.400739538861831,2.742756565629638,0.1288907649813071,34.9038113727212,26.03353206246499,4.26974205145379,0.03368843165817994,0.1548661297589583,2.712374313896336,31.2317008972168
MEGNet,megnet_hm,matbench_phonons,3,16,10.544982342215077,2.7452408680815106,0.10365991011121513,34.60044744287298,26.19549171207238,6.376547950354795,0.03343722633923107,0.17735108545502132,2.517526172663143,31.015586853027344
MEGNet,megnet_hm,matbench_phonons,4,16,10.745379352698237,2.7463458966844154,0.1424056355754956,35.889420992421655,27.892942695901766,4.845630816442181,0.025543956970707847,0.18703863459064723,2.6469055980142375,28.68390655517578
MEGNet,megnet_hm,matbench_dielectric,0,16,8.557920286140735,2.730037306407867,0.09521852796584748,44.752976137833286,35.174086174311896,8.161079700728166,0.36368206042946655,0.2762470189758677,3.2215057940582046,0.2248934805393219
MEGNet,megnet_hm,matbench_dielectric,1,16,8.394391313353571,2.755900082470137,0.10663419058759889,44.59423208331772,33.43537737576847,8.2844555226908,0.24863522298308074,0.22984665100954488,3.847017616703187,0.3129140436649322
MEGNet,megnet_hm,matbench_dielectric,2,16,8.372507764946928,2.733370711355358,0.10271905655718411,46.003883383063226,37.09137682459817,5.8806161557768,0.3001297875701756,0.20295533819617367,3.23264581962557,0.442432165145874
MEGNet,megnet_hm,matbench_dielectric,3,16,8.78435386573989,2.7473044884682047,0.10632708995148518,46.63725418768131,37.72316319131859,6.083221542483848,0.36353488183044147,0.2425828928886003,4.1978462541462624,0.3425777554512024
MEGNet,megnet_hm,matbench_dielectric,4,16,8.28173134283692,2.737968086743937,0.09136829785507752,44.88590256873717,35.60589422410038,8.134322017788492,0.40190484786360053,0.3240071141210528,4.255860488386181,0.3667110502719879
MEGNet,megnet_hm,matbench_log_gvrh,0,16,10.62683770797243,2.5887184750834367,0.08453337591094515,43.793056039681105,33.58138850316648,24.328664083401044,0.315096251266464,0.28382487790192906,2.807798158737242,0.0990026146173477
MEGNet,megnet_hm,matbench_log_gvrh,1,16,10.223207222867012,2.514139674792438,0.086333669581273,44.1357313322964,33.12167059821609,22.547660358628043,0.3464485760771017,0.3055215392679237,2.752179614896546,0.0987881794571876
MEGNet,megnet_hm,matbench_log_gvrh,2,16,10.416902096225954,2.561353698325455,0.08175645477805847,44.2426082375732,34.25502883005764,14.80064569814587,0.3508471845213748,0.2650565015800779,2.7373670915194146,0.0917234942317009
MEGNet,megnet_hm,matbench_log_gvrh,3,16,10.449417145827194,2.567263281913961,0.07465371752569411,44.025804508643894,34.05868049931969,18.04822632952255,0.32859306319949766,0.32574216905995346,3.24689343805418,0.0974393039941787
MEGNet,megnet_hm,matbench_log_gvrh,4,16,10.553851327093012,2.6287900553053074,0.07963067641552338,44.08779384522073,34.37040592351415,20.757999836066627,0.4084767525414944,0.3174377693578508,2.7150711118395017,0.0945558249950409
MEGNet,megnet_hm,matbench_log_kvrh,0,16,10.66598832416261,2.6182812186841056,0.0947902970101075,44.98101081158738,36.6953118446466,14.63952173239198,0.2762869007740851,0.19134237083790698,3.1420022098831675,0.0679345205426216
MEGNet,megnet_hm,matbench_log_kvrh,1,16,10.845666911955782,2.5840107296747377,0.08537052560422019,44.693725197255326,35.76556046012222,18.177743579979847,0.41259309734724864,0.312439391674051,2.75703903935564,0.0682474449276924
MEGNet,megnet_hm,matbench_log_kvrh,2,16,10.674159985583485,2.5955346645635546,0.08173860373461873,44.504888517516974,36.22814269701128,19.080384207656973,0.33045897079276776,0.2665906142102778,2.5150063295127145,0.0621614940464496
MEGNet,megnet_hm,matbench_log_kvrh,3,16,10.734752000101343,2.554643750526192,0.08402811546301305,44.71695592771483,35.57640681192426,16.8595036375051,0.3536977491961415,0.3101194445562842,2.7162775180034706,0.0721549019217491
MEGNet,megnet_hm,matbench_log_kvrh,4,16,11.113220724929386,2.59796723771837,0.09344912293918478,44.51033156130604,36.30990247316693,11.037764317690938,0.3373680144218388,0.29295776806439644,3.114233929232433,0.0668515563011169
MEGNet,megnet_hm,matbench_perovskites,0,16,10.581367997507892,2.7113662950754778,0.060011491549531205,29.50041489119567,24.15373164108459,11.84178757008833,0.13802818306024553,0.1882751380550116,2.5795687299769416,0.0448449365794658
MEGNet,megnet_hm,matbench_perovskites,1,16,10.234685275389594,2.711601211733062,0.06218075577728162,29.80144897349409,24.894871317309455,10.563319350822859,0.19119627440514375,0.18986829874573877,2.7669985424000076,0.048707365989685
MEGNet,megnet_hm,matbench_perovskites,2,16,10.074495663551167,2.6989013864316975,0.06347056217603546,29.618806820353683,24.23309456240077,12.122731641505792,0.19273628672791776,0.21257968117483214,2.9944630143607482,0.0453129708766937
MEGNet,megnet_hm,matbench_perovskites,3,16,10.552326205281496,2.7256145824378843,0.05501529116309049,30.03231276510373,25.298017983689924,9.146047716642595,0.19091512279827635,0.2064100454927729,2.7211393340016135,0.0449859872460365
MEGNet,megnet_hm,matbench_perovskites,4,16,10.285774908563495,2.72315942075386,0.04731465217480752,30.46604408811015,25.827372424528374,9.179840876839503,0.31401250714570306,0.22190399275772288,2.781560391517412,0.0463507547974586
MEGNet,megnet_hm,matbench_mp_gap,0,16,10.640598694885593,2.605027335075196,0.02970046130734903,45.1685374206762,37.642100035611,10.034617369937301,0.3253648348432241,0.16330291022647717,2.431407763123895,0.2781075239181518
MEGNet,megnet_hm,matbench_mp_gap,1,16,11.15705685253106,2.730839371604163,0.028602505724809987,45.169612510926704,38.75259942134708,11.758577576930692,0.3929667664557202,0.2044533481782722,2.7896839858924354,0.2782747447490692
MEGNet,megnet_hm,matbench_mp_gap,2,16,10.914632452987805,2.678762383292953,0.025439169278606226,45.034511091870726,38.61649620985978,14.231213315856463,0.2569590152468877,0.2361202657524925,2.868353585816626,0.2656760513782501
MEGNet,megnet_hm,matbench_mp_gap,3,16,11.211827324631956,2.626380234557821,0.02956607022589489,45.64363670153005,38.57731661418568,7.571945573090003,0.3802163024572692,0.1910062364005086,2.194928841588741,0.2682055532932281
MEGNet,megnet_hm,matbench_mp_gap,4,16,10.972069993982483,2.6104036179634327,0.02815030996714483,45.22186568920052,38.39717410866143,6.678482585470699,0.28135682703095094,0.15836672129609625,2.7987641629976054,0.2747836112976074
MEGNet,megnet_hm,matbench_mp_e_form,0,16,11.589916344008511,2.579253544408762,0.026957000414136737,43.313301804809065,32.399045003777545,18.258999723106804,0.3680719548862478,0.20437622670853942,2.6437711568121394,0.0391453765332698
MEGNet,megnet_hm,matbench_mp_e_form,1,16,11.582544966847122,2.6046697410109214,0.02826662515607056,43.124299846669714,31.899623776317622,22.31061500918944,0.39143422430849206,0.2276628313368418,2.4677723684157526,0.0321328565478324
MEGNet,megnet_hm,matbench_mp_e_form,2,16,12.010218405343371,2.599835546188551,0.02827770106529417,43.45986452532762,33.363444102931744,17.773953832145743,0.33085271317829457,0.20332669715208426,2.6754891868601516,0.0362121574580669
MEGNet,megnet_hm,matbench_mp_e_form,3,16,11.793443283551609,2.614469603219031,0.028132588512656813,43.05708129282585,32.75287340037455,25.732198494304008,0.35225801679180385,0.247838079989106,2.7963286590861762,0.0355830118060112
MEGNet,megnet_hm,matbench_mp_e_form,4,16,12.050574794435596,2.6276929064973413,0.027317334029412606,43.147866707745315,32.167300557205145,21.85263369696592,0.32377126833150177,0.24438057662573634,2.594841716904923,0.0357566550374031
MEGNet,megnet_hm,matbench_jdft2d,0,32,17.000762058568853,3.442650892889543,0.1389673768978092,43.97174622174507,34.04282912303434,0.5442333012088535,0.25653771760154737,0.1786799717927824,4.086258776553369,34.29041290283203
MEGNet,megnet_hm,matbench_jdft2d,1,32,17.2520117714674,3.427092973623693,0.09280734109322882,41.8766918889695,29.20993836893853,13.198347979254464,0.16884515133376807,0.15668988380729632,2.8694803845500885,58.946075439453125
MEGNet,megnet_hm,matbench_jdft2d,2,32,16.766675376988225,3.431968963234182,0.10633511189222783,43.01060353360976,31.356509259392507,8.513084182826105,0.13319435123441806,0.17695534856536801,2.915117073219519,72.61417388916016
MEGNet,megnet_hm,matbench_jdft2d,3,32,17.621699365186142,3.4288346411841433,0.11586699943091747,42.68342596195459,32.99088098810667,3.6327306051766755,0.2572356878543602,0.15615492959821897,4.4505647319238575,33.99420928955078
MEGNet,megnet_hm,matbench_jdft2d,4,32,16.15890601600537,3.4368456954756392,0.11152467055146759,44.07633934813223,33.075758241299795,8.236498837461005,0.14827101853734267,0.17573402950773265,3.565262781901185,53.33243179321289
MEGNet,megnet_hm,matbench_phonons,0,32,16.291549037161644,3.44517015325342,0.06844388158077301,34.177383729160496,25.437044094311982,6.983397399384963,0.10531921118848382,0.16772463922117953,2.7788102994550945,36.346981048583984
MEGNet,megnet_hm,matbench_phonons,1,32,17.534808174872918,3.447810702112193,0.07662064987506603,35.33078069549266,28.552384211095934,2.26944289021903,0.15184167124793843,0.1162468027273898,3.3715154460448757,33.763973236083984
MEGNet,megnet_hm,matbench_phonons,2,32,17.495364161079355,3.4396217019867645,0.08749040923238731,34.508844681891624,27.298555622290166,2.3174441782711863,0.09089086539661179,0.13951656360286385,2.462778893892327,35.508758544921875
MEGNet,megnet_hm,matbench_phonons,3,32,17.361314642325304,3.4503818940686433,0.0857370784111463,35.51307216289755,28.431791919128095,1.6519248887020481,0.1491442542787286,0.14192781149734285,3.697596521763226,33.169490814208984
MEGNet,megnet_hm,matbench_phonons,4,32,17.06908423746512,3.4458705344323217,0.10559358903486617,34.9077801827224,26.776107322674147,3.0721002947543816,0.024952118184375125,0.1436185280924129,2.5269443576497728,31.989294052124023
MEGNet,megnet_hm,matbench_dielectric,0,32,16.12095234598216,3.4073704348097946,0.04482032112398338,42.944269809599014,34.10217503347544,15.036643752419304,0.478522078702313,0.27122900002249184,2.6489010453238033,0.2072653472423553
MEGNet,megnet_hm,matbench_dielectric,1,32,15.419741986639288,3.3960712322729636,0.047788174853989875,42.83796939195309,33.67465458850765,14.577074332103196,0.351504946327089,0.2304367428145299,3.127800713795521,0.3075746595859527
MEGNet,megnet_hm,matbench_dielectric,2,32,15.497862356035803,3.4384723810476236,0.053661363760498744,44.44975197915295,36.70104788974255,11.912350042842537,0.38747027809366275,0.22155374661381505,2.8645992371457147,0.4348369240760803
MEGNet,megnet_hm,matbench_dielectric,3,32,15.605780229451426,3.412538879447926,0.0441431898768171,42.83471394884788,35.549303890937615,12.545052275085729,0.30045212773873625,0.25125326754971056,2.6415059124752918,0.3434158265590668
MEGNet,megnet_hm,matbench_dielectric,4,32,15.622667726391368,3.4228105103803563,0.04822060919398562,43.25170719250832,35.54835088334207,13.643747296844602,0.33897906295141234,0.2509022414347845,3.102249652261956,0.3269305825233459
MEGNet,megnet_hm,matbench_log_gvrh,0,32,18.773165609372075,3.4024336552159955,0.04562003094706793,43.036872196676335,33.95502717477294,26.447026988823122,0.3737844898999554,0.27014645324298514,2.1091129410959795,0.0943138599395752
MEGNet,megnet_hm,matbench_log_gvrh,1,32,18.416531689542058,3.4207208013145745,0.047958226726620104,43.43215949554457,34.91361951680672,23.798571085483452,0.43333734151001374,0.20127960247631976,2.301199328701361,0.0959092229604721
MEGNet,megnet_hm,matbench_log_gvrh,2,32,18.939348547737005,3.3786213026472516,0.049009211375943634,43.509922804379464,36.12257554628256,19.449098734169493,0.42645289025195077,0.26911304603804154,2.187731802414424,0.0916943252086639
MEGNet,megnet_hm,matbench_log_gvrh,3,32,19.200962089822124,3.3995597533482638,0.051560668081314445,43.51916485447484,35.81355677178263,23.342895926988664,0.3694972665346633,0.23120733121426165,2.3266798296817175,0.0932576432824134
MEGNet,megnet_hm,matbench_log_gvrh,4,32,18.558627551789417,3.4185869718859587,0.049529796350280424,43.26926027406912,35.69322147166527,23.310876681492665,0.37487775449291927,0.2792903148007801,2.1647587031538147,0.0924016311764717
MEGNet,megnet_hm,matbench_log_kvrh,0,32,19.15599759117279,3.397903014830472,0.05685181045028879,43.92897371291491,36.73831617777992,22.341610361812204,0.48335075765769014,0.22177429195313283,2.418855465880377,0.0664299428462982
MEGNet,megnet_hm,matbench_log_kvrh,1,32,18.423943264458334,3.3867540794543016,0.055285773551798714,44.15585145588342,36.802338988996915,17.411687291663704,0.498264370091731,0.2193824905872584,2.48255403697495,0.065232902765274
MEGNet,megnet_hm,matbench_log_kvrh,2,32,18.885829807355826,3.3849271706746062,0.05535259059437819,44.26154992543759,36.290891602633295,14.045922756958477,0.6468961605275286,0.2428200027504945,3.086659791019146,0.0624925605952739
MEGNet,megnet_hm,matbench_log_kvrh,3,32,19.004968667066855,3.3813567147737857,0.06694933395284931,44.50721348366523,37.09527674446062,18.957863566503477,0.4512276211625077,0.25763411502868727,2.57372332531236,0.0703712925314903
MEGNet,megnet_hm,matbench_log_kvrh,4,32,18.997288718011927,3.3962854407556966,0.059460571862567306,44.20593064863973,36.64127327665327,18.736921621095654,0.5151456536036211,0.21051225913695587,2.3770550833662187,0.0656529515981674
MEGNet,megnet_hm,matbench_perovskites,0,32,17.493251429635194,3.3737626568802765,0.03308679394471334,29.426370153186156,25.36787109502284,8.353324820999738,0.21857848001105265,0.18189416785347973,2.281762929349408,0.0406101420521736
MEGNet,megnet_hm,matbench_perovskites,1,32,17.596272931982917,3.389356617139169,0.033071390647488874,29.3669395667183,25.161436636362588,8.593784701373863,0.15897558151415045,0.14993929605008352,2.367003111068767,0.0413478128612041
MEGNet,megnet_hm,matbench_perovskites,2,32,17.248747540937224,3.39038034037432,0.03471672518026853,29.318907908165535,25.032693068510614,9.797880067786119,0.22763153018492668,0.1534660963088958,2.176488483627772,0.0405105650424957
MEGNet,megnet_hm,matbench_perovskites,3,32,17.447560786704447,3.3940803867122074,0.03288718131990924,29.348325499359376,25.392917125343505,9.459312680534385,0.2681837032940991,0.1828551610708851,2.148266522166139,0.0385797321796417
MEGNet,megnet_hm,matbench_perovskites,4,32,17.469961497220012,3.3820924462714634,0.03319383943568233,29.485968914031357,25.559944373656815,8.738931325660458,0.12346042579728723,0.1367060593238168,2.078361085379027,0.0407325588166713
MEGNet,megnet_hm,matbench_mp_gap,0,32,17.121051847700908,3.2965104800709186,0.01694457354889491,44.532835004572114,38.87137600840172,15.761553265299604,0.3230978019608589,0.19028879055930104,1.8362921865489765,0.2819198668003082
MEGNet,megnet_hm,matbench_mp_gap,1,32,17.084758971840387,3.262450614887294,0.017505508356529604,44.592200730543304,38.55031544368267,15.140081917742013,0.25740379382209655,0.15458594804918574,2.4322297289941073,0.262685477733612
MEGNet,megnet_hm,matbench_mp_gap,2,32,17.513087802722502,3.3050622080203085,0.016574261589390394,44.51204480826841,38.59611672341502,15.614625831335504,0.3427116081021927,0.18223844802200428,2.0222020609867957,0.2791180908679962
MEGNet,megnet_hm,matbench_mp_gap,3,32,17.366668468796675,3.2609213506450554,0.017526257525120516,45.11043507377117,39.200837255299824,10.343071896281362,0.40177995300534475,0.19461082086037979,2.693457042583877,0.2755661010742187
MEGNet,megnet_hm,matbench_mp_gap,4,32,18.046781181363688,3.3495409191691206,0.016099033189278116,44.83561683703347,38.481828597676035,17.212711277962725,0.25586564275457324,0.15873686569611214,2.2105352940136442,0.2923040091991424
MEGNet,megnet_hm,matbench_mp_e_form,0,32,18.764760302329876,3.1893626010636202,0.01634800677556042,42.91937908441326,32.44156763911644,18.554990654074075,0.40629009058041443,0.1813080986426215,2.210495723480581,0.0362151861190795
MEGNet,megnet_hm,matbench_mp_e_form,1,32,19.65283379368423,3.2681538411452413,0.015868606982495044,42.91207235089121,32.66408483939978,19.568027550172825,0.29862965609759157,0.20147329519991544,1.8837316112133486,0.0379595309495925
MEGNet,megnet_hm,matbench_mp_e_form,2,32,18.908206726898108,3.3287363821147875,0.015771425496236523,42.60865392413286,32.73168588327465,24.672520792539157,0.3784606103526511,0.18385126030479407,1.8403428563019009,0.0331404879689216
MEGNet,megnet_hm,matbench_mp_e_form,3,32,19.413946177280714,3.3256890696328427,0.016129748158012075,42.91961074705693,33.64946969784987,20.164698779918588,0.39397334363531,0.1946687177820476,1.9108227563802467,0.0330711975693702
MEGNet,megnet_hm,matbench_mp_e_form,4,32,19.806959424210714,3.3051372653823328,0.016615390438033385,42.904044340606156,33.24892100475502,23.12274937124821,0.3557062767083546,0.19182567342545062,1.881976959860152,0.038706712424755
MEGNet,megnet_hm,matbench_jdft2d,0,64,24.29569116136354,4.105803604099217,0.07406238470707284,43.58410976511883,35.70107476155247,4.469636878321658,0.3082155731894925,0.20000072519767428,2.681287638861983,35.8297119140625
MEGNet,megnet_hm,matbench_jdft2d,1,64,24.04444146280067,4.130589445901236,0.06056631191918259,44.26515409361139,35.86944847842478,2.7274086708477054,0.2836310711784243,0.17756491170712715,4.013986622715454,55.75334167480469
MEGNet,megnet_hm,matbench_jdft2d,2,64,23.928808481156146,4.125847726347464,0.05427705711102323,43.862301053637175,36.518147770502054,0.6837094006238681,0.14865820543411953,0.11481629998388994,3.755945492806723,71.87427520751953
MEGNet,megnet_hm,matbench_jdft2d,3,64,23.137701225973775,4.122514355183037,0.06348448335277526,42.181313201624306,34.501228975098066,5.7225986699547375,0.16536511411676874,0.15778456492203308,2.9530506215926184,37.88687133789063
MEGNet,megnet_hm,matbench_jdft2d,4,64,23.550734609231878,4.129145337341641,0.07072706819326803,45.57715282933089,37.63004123471766,2.906599306346866,0.212498822516182,0.15692297525050802,3.274724969041867,52.14669036865234
MEGNet,megnet_hm,matbench_phonons,0,64,23.956021288139024,4.1332416986773115,0.040805549388354824,33.50012226291982,25.93747708587294,7.4661276461327795,0.011474605214273298,0.16594194563851333,2.166550979138499,36.25010681152344
MEGNet,megnet_hm,matbench_phonons,1,64,24.50107788679542,4.138815836618022,0.04523559954084385,35.241680855202944,28.80730317834241,1.7264821588772163,0.10692022909217479,0.1426712603284817,3.5941994269941335,32.47251892089844
MEGNet,megnet_hm,matbench_phonons,2,64,23.9117415298927,4.135951008492963,0.04554336597992829,34.139881773550755,27.41168394738444,1.733234674978041,0.07494643361557593,0.13212652106779058,2.1046901608445423,34.972835540771484
MEGNet,megnet_hm,matbench_phonons,3,64,24.235696799412576,4.136011112805306,0.04607245666054851,34.97071336605057,28.382120593359048,1.8327666444895125,0.047953527397103256,0.15896632285035106,3.455111861562682,33.33399200439453
MEGNet,megnet_hm,matbench_phonons,4,64,24.834428922875723,4.135439397517828,0.06381638793495713,35.30089088917739,28.918802940952887,1.395935141342328,0.10124965751675266,0.14172745122001076,3.2567115865691014,35.0939826965332
MEGNet,megnet_hm,matbench_dielectric,0,64,21.962649391413454,4.086496114289327,0.025798878544020687,42.95261397012312,35.72496616903152,15.75431734994708,0.37334619173906963,0.21168024927630125,2.5000145363363315,0.2130202800035476
MEGNet,megnet_hm,matbench_dielectric,1,64,21.699281907853905,4.084157388152413,0.028770933311780256,41.78479770386489,33.83063770112965,15.300341019990514,0.3526927751190063,0.2387403356355395,2.626545030618241,0.3022615611553192
MEGNet,megnet_hm,matbench_dielectric,2,64,20.744841455335266,4.0978750762390685,0.0317962647072364,43.60571881232705,35.99253382316947,12.633750999808276,0.38751195438716884,0.23832475834943706,2.833672701787144,0.4501666128635406
MEGNet,megnet_hm,matbench_dielectric,3,64,21.774448394340563,4.085904735389065,0.024607972734951807,42.569522166135016,35.241787398572605,16.978329376951596,0.35611415130028956,0.21835861833071837,2.3967325563963935,0.3334436416625976
MEGNet,megnet_hm,matbench_dielectric,4,64,22.12603776679643,4.10980915206035,0.026810164337961625,42.12687751872711,33.753581223762545,18.643037060432835,0.4548328463399664,0.22389409575364683,2.8000133357500614,0.3654540181159973
MEGNet,megnet_hm,matbench_log_gvrh,0,64,25.447787517748335,4.050916699017483,0.02803252566187085,43.17829034937442,35.339968317778144,26.346479929078424,0.3285553575265759,0.21791867469707613,2.1242604635936324,0.0911823511123657
MEGNet,megnet_hm,matbench_log_gvrh,1,64,25.259724846921223,4.0683486789179195,0.02723049078694859,43.336130996296525,35.93779742283037,20.67582909513661,0.43063312966225586,0.2503916607033502,2.1688492846679064,0.0962844565510749
MEGNet,megnet_hm,matbench_log_gvrh,2,64,24.28674329894409,4.03950093760259,0.02461885336870007,43.18190584964526,33.67246532274109,23.0076406988829,0.35941492981983025,0.256479174111981,2.2816677530689904,0.0913755893707275
MEGNet,megnet_hm,matbench_log_gvrh,3,64,25.165598896009392,4.0599861367457475,0.028331036385522996,43.228260495816166,34.935670055985554,23.378079416799313,0.3513571709034718,0.2533955689907782,2.0288886953248815,0.0986748337745666
MEGNet,megnet_hm,matbench_log_gvrh,4,64,25.28834779092629,4.086980670030208,0.02680523723237018,43.377755764593175,36.6419557659063,19.505325178856776,0.36218465344678935,0.24283290203914384,2.1941710014058815,0.0972475185990333
MEGNet,megnet_hm,matbench_log_kvrh,0,64,26.573738741985565,4.0776423526363565,0.029556171998332784,43.98790088703022,37.365083606140146,18.70295197449339,0.39538145228272265,0.18733758931150174,2.015745207282894,0.065236784517765
MEGNet,megnet_hm,matbench_log_kvrh,1,64,26.799347656377662,4.087944264259592,0.03047244360735159,44.003727126017395,37.814887236324985,19.4476769945376,0.41305368812312976,0.19006127711963436,2.0210498200947384,0.0698580890893936
MEGNet,megnet_hm,matbench_log_kvrh,2,64,25.9072688557158,4.070204468266639,0.032013400608550846,44.068863154738416,36.898950564969915,15.460860318264059,0.4456628367936572,0.1831650616599496,2.084193157008384,0.0669507086277008
MEGNet,megnet_hm,matbench_log_kvrh,3,64,25.943002433483265,4.068047667585681,0.028874226950704265,43.50917410921468,35.82831952855314,17.42283270362169,0.3346606805907997,0.23039112411122176,2.1332363924685045,0.0705750361084938
MEGNet,megnet_hm,matbench_log_kvrh,4,64,26.25592621413753,4.088235255129529,0.030757096339306032,44.13024533862861,38.16537009293185,19.00160575570243,0.5096827197683972,0.1839277824756589,2.161064911520427,0.0690255090594291
MEGNet,megnet_hm,matbench_perovskites,0,64,22.42884744165742,4.097968234408174,0.018877849776730734,29.595527986913243,25.914358486778198,7.173851231944574,0.2073033415905902,0.12693393681669266,2.131360411909035,0.0399684123694896
MEGNet,megnet_hm,matbench_perovskites,1,64,22.472362241936793,4.106007261327425,0.019058881664367526,29.412302105933016,25.39870885150783,9.205897422106977,0.09481038872211878,0.10058349421784639,2.2963937163349026,0.0406812280416488
MEGNet,megnet_hm,matbench_perovskites,2,64,22.2417006678765,4.110453057415168,0.018464967453073942,29.720129028413123,25.92408987799458,7.074006305632259,0.10028958412635697,0.12399403067155189,2.58605387818256,0.039883516728878
MEGNet,megnet_hm,matbench_perovskites,3,64,22.539099097110633,4.119943010812738,0.01948283542173511,29.409646844282616,25.510649802436035,9.754368410163083,0.24874238973722407,0.1727362776797158,2.629907243612322,0.039680391550064
MEGNet,megnet_hm,matbench_perovskites,4,64,22.57514165541834,4.110959719359071,0.01896941476709127,29.58016531495008,25.82576738897288,8.460550111504753,0.10794538300864712,0.14352391302707432,2.108876857904921,0.0385954827070236
MEGNet,megnet_hm,matbench_mp_gap,0,64,25.167814600095518,3.8722793182447304,0.01055818314104281,43.798288088599044,38.88000342980919,17.271998564811916,0.38689410958382514,0.16430672598506796,1.865673773007043,0.280945211648941
MEGNet,megnet_hm,matbench_mp_gap,1,64,24.896051651106806,3.8948883213708574,0.010111403228278528,43.644854059245155,38.50959841307966,21.191858218605063,0.22637852105415102,0.14701408340586017,1.6940203804070044,0.2701964676380157
MEGNet,megnet_hm,matbench_mp_gap,2,64,24.654846905523158,3.849742086791813,0.010185974639515722,43.950466720550764,38.76814513647365,22.20783592321939,0.3474992661791544,0.19478433659297,1.9415252561790157,0.2650614380836487
MEGNet,megnet_hm,matbench_mp_gap,3,64,24.549833583452507,3.9016458826792793,0.010098524435664908,43.97878452405512,38.673940110441286,16.77952205506453,0.3240237615736343,0.17202849722622787,2.191646051137102,0.2502917647361755
MEGNet,megnet_hm,matbench_mp_gap,4,64,25.499396090746004,3.8632594834216087,0.0100257954276678,44.01567253691875,38.955655295473036,16.801661020718754,0.2801848231739826,0.17740143027206545,1.8940777078338047,0.271128237247467
MEGNet,megnet_hm,matbench_mp_e_form,0,64,27.02061703600646,3.8689319276569902,0.010491485041614053,42.768694737029016,33.97528702621469,25.990341087595375,0.36054986970807057,0.20215901377853984,1.9737169275417652,0.0319565087556839
MEGNet,megnet_hm,matbench_mp_e_form,1,64,26.389406722853586,3.860909511517069,0.009728732578974403,42.75435982932884,33.72422839377887,25.69853855131155,0.3681532919900479,0.20675939110236627,1.8371650741034569,0.0372528135776519
MEGNet,megnet_hm,matbench_mp_e_form,2,64,27.0407071685519,3.8362619950826935,0.011022126877182336,42.78415508032366,34.70740442567114,23.223683918533528,0.32989582098594705,0.16285113751213573,1.7585851530145469,0.0383766032755374
MEGNet,megnet_hm,matbench_mp_e_form,3,64,26.133981167983077,3.850443607930419,0.009987726601208112,42.94727045007867,34.61705548577331,23.02586231842556,0.3266985447524265,0.1823409992780692,1.710499502710905,0.0360947288572788
MEGNet,megnet_hm,matbench_mp_e_form,4,64,26.346941661657652,3.9011544879770312,0.010035002249304604,42.85968441646619,34.58450818655895,24.899476009860727,0.40996046167977956,0.19227095600604174,1.9502639227507277,0.0347906686365604
